address,city,district,districtid,districtncesid,enrollment,fax,graderange,gsid,gsrating,lat,lon,name,ncesid,overviewlink,phone,ratingslink,reviewslink,schoolstatslink,state,type,website
"1850 Alpine Boulevard, 
Alpine, CA  91901",Alpine,Alpine Union Elementary,672,0602100,384,(619) 445-0484,1-5,5785,5,32.83878,-116.77429,Alpine Elementary School,060210000091,https://www.greatschools.org/california/alpine/5785-Alpine-Elementary-School/?s_cid=gsapi,(619) 445-2625,https://www.greatschools.org/school/rating.page?state=CA&id=5785&s_cid=gsapi,https://www.greatschools.org/school/parentReviews.page?state=CA&id=5785&s_cid=gsapi,https://www.greatschools.org/modperl/achievement/CA/5785,CA,public,www.alpineschools.net/alpineelementary
"2320 Tavern Road, 
Alpine, CA  91901",Alpine,Alpine Union Elementary,672,0602100,244,(619) 445-1420,1-5,5786,8,32.81912,-116.77734,Boulder Oaks Elementary School,060210009696,https://www.greatschools.org/california/alpine/5786-Boulder-Oaks-Elementary-School/?s_cid=gsapi,(619) 445-8676,https://www.greatschools.org/school/rating.page?state=CA&id=5786&s_cid=gsapi,https://www.greatschools.org/school/parentReviews.page?state=CA&id=5786&s_cid=gsapi,https://www.greatschools.org/modperl/achievement/CA/5786,CA,public,www.alpineschools.net/boulderoaks
"1372 East Las Tunas Drive, 
San Gabriel, CA  91776",San Gabriel,San Gabriel Unified,311,0634425,1180,(626) 285-5387,6-8,2910,7,34.10346,-118.07783,Jefferson Middle School,063442500557,https://www.greatschools.org/california/san-gabriel/2910-Jefferson-Middle-School/?s_cid=gsapi,(626) 287-5260,https://www.greatschools.org/school/rating.page?state=CA&id=2910&s_cid=gsapi,https://www.greatschools.org/school/parentReviews.page?state=CA&id=2910&s_cid=gsapi,https://www.greatschools.org/modperl/achievement/CA/2910,CA,public,http://www.jefferson.sgusd.k12.ca.us
"3305 Buckman Springs Road, 
Pine Valley, CA  91962",Pine Valley,Mountain Empire Unified School District,695,0626100,392,(619) 473-8038,9-12,5984,5,32.734486,-116.49205,Mountain Empire High School,062610003906,https://www.greatschools.org/california/pine-valley/5984-Mountain-Empire-High-School/?s_cid=gsapi,(619) 473-8601,https://www.greatschools.org/school/rating.page?state=CA&id=5984&s_cid=gsapi,https://www.greatschools.org/school/parentReviews.page?state=CA&id=5984&s_cid=gsapi,https://www.greatschools.org/modperl/achievement/CA/5984,CA,public,http://www.cde.ca.gov/re/sd/details.asp?cds=37682133734878&Public=Y
"2150 Beryl Street, 
San Diego, CA  92109",San Diego,San Diego Unified School District,705,0634320,492,(858) 272-0260,K-5,6236,10,32.809074,-117.23219,Sessions Elementary School,063432005550,https://www.greatschools.org/california/san-diego/6236-Sessions-Elementary-School/?s_cid=gsapi,(858) 273-3111,https://www.greatschools.org/school/rating.page?state=CA&id=6236&s_cid=gsapi,https://www.greatschools.org/school/parentReviews.page?state=CA&id=6236&s_cid=gsapi,https://www.greatschools.org/modperl/achievement/CA/6236,CA,public,http://new.sandi.net/schools/sessions
"31555 Old River Road, 
Bonsall, CA  92003",Bonsall,Bonsall Unified,1553,0601426,985,(760) 758-3193,K-5,5789,8,33.28717,-117.21922,Bonsall Elementary School,060567000516,https://www.greatschools.org/california/bonsall/5789-Bonsall-Elementary-School/?s_cid=gsapi,(760) 631-5205,https://www.greatschools.org/school/rating.page?state=CA&id=5789&s_cid=gsapi,https://www.greatschools.org/school/parentReviews.page?state=CA&id=5789&s_cid=gsapi,https://www.greatschools.org/modperl/achievement/CA/5789,CA,public,http://www.bonsallusd.com
"7350 West Lilac Road, 
Bonsall, CA  92003",Bonsall,Bonsall Unified,1553,0601426,1000,,9-12,31970,4,33.29716,-117.17493,Bonsall High,060142613751,https://www.greatschools.org/california/bonsall/31970-Bonsall-High/?s_cid=gsapi,(760) 631-5209,https://www.greatschools.org/school/rating.page?state=CA&id=31970&s_cid=gsapi,https://www.greatschools.org/school/parentReviews.page?state=CA&id=31970&s_cid=gsapi,https://www.greatschools.org/modperl/achievement/CA/31970,CA,public,www.bonsallhs.com
"5050 El Mirlo Drive, 
Oceanside, CA  92057",Oceanside,Bonsall Unified,1553,0601426,559,(760) 721-8117,K-6,14993,9,33.26414,-117.29233,Bonsall West Elementary School,060567011749,https://www.greatschools.org/california/oceanside/14993-Bonsall-West-Elementary-School/?s_cid=gsapi,(760) 721-8001,https://www.greatschools.org/school/rating.page?state=CA&id=14993&s_cid=gsapi,https://www.greatschools.org/school/parentReviews.page?state=CA&id=14993&s_cid=gsapi,https://www.greatschools.org/modperl/achievement/CA/14993,CA,public,http://www.bonsallusd.com
"4250 Old Grove Road, 
Oceanside, CA  92057",Oceanside,Oceanside Unified School District,697,0628250,786,(760) 722-0472,K-5,12226,5,33.238083,-117.31514,Nichols Elementary School,062825010645,https://www.greatschools.org/california/oceanside/12226-Nichols-Elementary-School/?s_cid=gsapi,(760) 435-7400,https://www.greatschools.org/school/rating.page?state=CA&id=12226&s_cid=gsapi,https://www.greatschools.org/school/parentReviews.page?state=CA&id=12226&s_cid=gsapi,https://www.greatschools.org/modperl/achievement/CA/12226,CA,public,http://nichols.oside.us/
"9009 Park Plaza Drive, 
La Mesa, CA  91942",La Mesa,La Mesa-Spring Valley School District,694,0620250,737,(619) 668-5779,7-8,5973,7,32.791298,-117.00296,Parkway Middle School,062025002441,https://www.greatschools.org/california/la-mesa/5973-Parkway-Middle-School/?s_cid=gsapi,(619) 668-5810,https://www.greatschools.org/school/rating.page?state=CA&id=5973&s_cid=gsapi,https://www.greatschools.org/school/parentReviews.page?state=CA&id=5973&s_cid=gsapi,https://www.greatschools.org/modperl/achievement/CA/5973,CA,public,http://www.lmsvsd.k12.ca.us
"540 G Street, 
Chula Vista, CA  91910",Chula Vista,Chula Vista Elementary School District,677,0608610,581,(619) 691-1086,K-6,5858,5,32.635063,-117.08833,Vista Square Elementary School,060861000882,https://www.greatschools.org/california/chula-vista/5858-Vista-Square-Elementary-School/?s_cid=gsapi,(619) 422-8374,https://www.greatschools.org/school/rating.page?state=CA&id=5858&s_cid=gsapi,https://www.greatschools.org/school/parentReviews.page?state=CA&id=5858&s_cid=gsapi,https://www.greatschools.org/modperl/achievement/CA/5858,CA,public,http://schools.cvesd.org/schools/vistasquare/
"1315 Palm Canyon Drive, 
Borrego Springs, CA  92004",Borrego Springs,Borrego Springs Unified,674,0605700,223,(760) 767-7438,PK-5,5792,5,33.25519,-116.34682,Borrego Springs Elementary School,060570000517,https://www.greatschools.org/california/borrego-springs/5792-Borrego-Springs-Elementary-School/?s_cid=gsapi,(760) 767-5333,https://www.greatschools.org/school/rating.page?state=CA&id=5792&s_cid=gsapi,https://www.greatschools.org/school/parentReviews.page?state=CA&id=5792&s_cid=gsapi,https://www.greatschools.org/modperl/achievement/CA/5792,CA,public,
"2281 Diegueno Road, 
Borrego Springs, CA  92004",Borrego Springs,Borrego Springs Unified,674,0605700,131,(760) 767-5999,9-12,5793,5,33.26548,-116.38153,Borrego Springs High School,060570000518,https://www.greatschools.org/california/borrego-springs/5793-Borrego-Springs-High-School/?s_cid=gsapi,(760) 767-5357,https://www.greatschools.org/school/rating.page?state=CA&id=5793&s_cid=gsapi,https://www.greatschools.org/school/parentReviews.page?state=CA&id=5793&s_cid=gsapi,https://www.greatschools.org/modperl/achievement/CA/5793,CA,public,
"2255 Diegueno Road, 
Borrego Springs, CA  92004",Borrego Springs,Borrego Springs Unified,674,0605700,98,(760) 767-5999,6-8,5794,4,33.264683,-116.38371,Borrego Springs Middle School,060570007636,https://www.greatschools.org/california/borrego-springs/5794-Borrego-Springs-Middle-School/?s_cid=gsapi,(760) 767-5357,https://www.greatschools.org/school/rating.page?state=CA&id=5794&s_cid=gsapi,https://www.greatschools.org/school/parentReviews.page?state=CA&id=5794&s_cid=gsapi,https://www.greatschools.org/modperl/achievement/CA/5794,CA,public,www.tcoe.trinity.k12.ca.us/~cb
"21400 Ellinwood Drive, 
Torrance, CA  90503",Torrance,Torrance Unified,318,0639420,636,(310) 972-6386,K-5,2962,9,33.83448,-118.36573,Anza Elementary School,063942006550,https://www.greatschools.org/california/torrance/2962-Anza-Elementary-School/?s_cid=gsapi,(310) 533-4559,https://www.greatschools.org/school/rating.page?state=CA&id=2962&s_cid=gsapi,https://www.greatschools.org/school/parentReviews.page?state=CA&id=2962&s_cid=gsapi,https://www.greatschools.org/modperl/achievement/CA/2962,CA,public,http://www.anzaelementary.org/
"3845 Avocado School Road, 
La Mesa, CA  91941",La Mesa,Cajon Valley Union School District,676,0606810,561,(619) 579-4872,K-5,5799,6,32.75042,-116.95952,Avocado Elementary School,060681000604,https://www.greatschools.org/california/la-mesa/5799-Avocado-Elementary-School/?s_cid=gsapi,(619) 588-3100,https://www.greatschools.org/school/rating.page?state=CA&id=5799&s_cid=gsapi,https://www.greatschools.org/school/parentReviews.page?state=CA&id=5799&s_cid=gsapi,https://www.greatschools.org/modperl/achievement/CA/5799,CA,public,http://www.cajonvalley.net/avocado
"9863 Oakmont Terrace, 
El Cajon, CA  92021",El Cajon,Cajon Valley Union School District,676,0606810,523,(619) 588-3022,K-5,5801,7,32.861416,-116.846,Blossom Valley Elementary School,060681003925,https://www.greatschools.org/california/el-cajon/5801-Blossom-Valley-Elementary-School/?s_cid=gsapi,(619) 588-3678,https://www.greatschools.org/school/rating.page?state=CA&id=5801&s_cid=gsapi,https://www.greatschools.org/school/parentReviews.page?state=CA&id=5801&s_cid=gsapi,https://www.greatschools.org/modperl/achievement/CA/5801,CA,public,http://www.cajonvalley.net/blossomvalley
"1390 East Broadway, 
El Cajon, CA  92021",El Cajon,Cajon Valley Union School District,676,0606810,559,(619) 579-4849,K-5,5802,6,32.807762,-116.9317,Bostonia Elementary School,060681000606,https://www.greatschools.org/california/el-cajon/5802-Bostonia-Elementary-School/?s_cid=gsapi,(619) 588-3121,https://www.greatschools.org/school/rating.page?state=CA&id=5802&s_cid=gsapi,https://www.greatschools.org/school/parentReviews.page?state=CA&id=5802&s_cid=gsapi,https://www.greatschools.org/modperl/achievement/CA/5802,CA,public,
"1384 Broadway, 
El Cajon, CA  92021",El Cajon,Cajon Valley Union School District,676,0606810,23,(619) 579-4862,K-8,11831,,32.807762,-116.93196,Cajon Valley Home School,060681008590,https://www.greatschools.org/california/el-cajon/11831-Cajon-Valley-Home-School/?s_cid=gsapi,(619) 588-3630,https://www.greatschools.org/school/rating.page?state=CA&id=11831&s_cid=gsapi,https://www.greatschools.org/school/parentReviews.page?state=CA&id=11831&s_cid=gsapi,https://www.greatschools.org/modperl/achievement/CA/11831,CA,public,http://www.cajonvalley.net/homeschool
"550 Park Avenue, 
El Cajon, CA  92020",El Cajon,Cajon Valley Union School District,676,0606810,882,(619) 579-4817,6-8,5803,4,32.79835,-116.95555,Cajon Valley Middle School,060681000607,https://www.greatschools.org/california/el-cajon/5803-Cajon-Valley-Middle-School/?s_cid=gsapi,(619) 588-3092,https://www.greatschools.org/school/rating.page?state=CA&id=5803&s_cid=gsapi,https://www.greatschools.org/school/parentReviews.page?state=CA&id=5803&s_cid=gsapi,https://www.greatschools.org/modperl/achievement/CA/5803,CA,public,
"195 East Chase Avenue, 
El Cajon, CA  92020",El Cajon,Cajon Valley Union School District,676,0606810,755,(619) 588-3184,K-5,5804,3,32.780354,-116.96002,Chase Avenue Elementary School,060681000608,https://www.greatschools.org/california/el-cajon/5804-Chase-Avenue-Elementary-School/?s_cid=gsapi,(619) 588-3123,https://www.greatschools.org/school/rating.page?state=CA&id=5804&s_cid=gsapi,https://www.greatschools.org/school/parentReviews.page?state=CA&id=5804&s_cid=gsapi,https://www.greatschools.org/modperl/achievement/CA/5804,CA,public,
"29282 Menifee Road, 
Menifee, CA  92584",Menifee,Menifee Union Elementary,524,0624540,770,(951) 672-2651,K-5,12386,5,33.699127,-117.15416,Freedom Crest Elementary School,062454011185,https://www.greatschools.org/california/menifee/12386-Freedom-Crest-Elementary-School/?s_cid=gsapi,(951) 679-5285,https://www.greatschools.org/school/rating.page?state=CA&id=12386&s_cid=gsapi,https://www.greatschools.org/school/parentReviews.page?state=CA&id=12386&s_cid=gsapi,https://www.greatschools.org/modperl/achievement/CA/12386,CA,public,www.menifeeusd.org
"395 11th Avenue, 
6th Floor
San Diego, CA  92101",San Diego,San Diego Unified School District,705,0634320,343,(619) 677-2955,9-12,31013,5,32.709248,-117.15463,e3 Civic High School,063432013288,https://www.greatschools.org/california/san-diego/31013-E3-Civic-High-School/?s_cid=gsapi,(619) 546-0000,https://www.greatschools.org/school/rating.page?state=CA&id=31013&s_cid=gsapi,https://www.greatschools.org/school/parentReviews.page?state=CA&id=31013&s_cid=gsapi,https://www.greatschools.org/modperl/achievement/CA/31013,CA,charter,www.e3civichigh.com
"155 Stevens Street, 
Solana Beach, CA  92075",Solana Beach,San Dieguito Union High,704,0634380,715,(760) 755-0891,7-8,6092,8,32.995136,-117.26242,Earl Warren Middle School,063438005575,https://www.greatschools.org/california/solana-beach/6092-Earl-Warren-Middle-School/?s_cid=gsapi,(858) 755-1558,https://www.greatschools.org/school/rating.page?state=CA&id=6092&s_cid=gsapi,https://www.greatschools.org/school/parentReviews.page?state=CA&id=6092&s_cid=gsapi,https://www.greatschools.org/modperl/achievement/CA/6092,CA,public,http://www.sduhsd.k12.ca.us
"2285 Murray Ridge Road, 
San Diego, CA  92123",San Diego,San Diego Unified School District,705,0634320,165,,K-5,32174,10,32.78629,-117.14434,Elevate Elementary,063432013795,https://www.greatschools.org/california/san-diego/32174-Elevate-Elementary/?s_cid=gsapi,(858) 751-4774,https://www.greatschools.org/school/rating.page?state=CA&id=32174&s_cid=gsapi,https://www.greatschools.org/school/parentReviews.page?state=CA&id=32174&s_cid=gsapi,https://www.greatschools.org/modperl/achievement/CA/32174,CA,charter,www.elevateschool.com
"3914 First Avenue, 
San Diego, CA  92103",San Diego,San Diego Unified School District,705,0634320,262,(619) 725-4028,K-5,6142,6,32.74881,-117.16478,Florence Elementary School,063432005460,https://www.greatschools.org/california/san-diego/6142-Florence-Elementary-School/?s_cid=gsapi,(619) 344-5900,https://www.greatschools.org/school/rating.page?state=CA&id=6142&s_cid=gsapi,https://www.greatschools.org/school/parentReviews.page?state=CA&id=6142&s_cid=gsapi,https://www.greatschools.org/modperl/achievement/CA/6142,CA,public,
"8140 Greenlawn Drive, 
San Diego, CA  92114",San Diego,San Diego Unified School District,705,0634320,295,(619) 344-3140,K-5,6145,4,32.7048,-117.027,Freese Elementary School,063432005464,https://www.greatschools.org/california/san-diego/6145-Freese-Elementary-School/?s_cid=gsapi,(619) 344-3100,https://www.greatschools.org/school/rating.page?state=CA&id=6145&s_cid=gsapi,https://www.greatschools.org/school/parentReviews.page?state=CA&id=6145&s_cid=gsapi,https://www.greatschools.org/modperl/achievement/CA/6145,CA,public,
"7030 Wandermere Place, 
San Diego, CA  92119",San Diego,San Diego Unified School District,705,0634320,517,(619) 465-8814,K-5,6152,10,32.796417,-117.04495,Green Elementary School,063432005471,https://www.greatschools.org/california/san-diego/6152-Green-Elementary-School/?s_cid=gsapi,(619) 460-5755,https://www.greatschools.org/school/rating.page?state=CA&id=6152&s_cid=gsapi,https://www.greatschools.org/school/parentReviews.page?state=CA&id=6152&s_cid=gsapi,https://www.greatschools.org/modperl/achievement/CA/6152,CA,public,
"9665 Jeremy Street, 
Santee, CA  92071",Santee,Santee Elementary,702,0635880,749,(619) 956-5014,K-8,6068,7,32.852947,-116.9633,Hill Creek Elementary School,063588006141,https://www.greatschools.org/california/santee/6068-Hill-Creek-Elementary-School/?s_cid=gsapi,(619) 956-5000,https://www.greatschools.org/school/rating.page?state=CA&id=6068&s_cid=gsapi,https://www.greatschools.org/school/parentReviews.page?state=CA&id=6068&s_cid=gsapi,https://www.greatschools.org/modperl/achievement/CA/6068,CA,public,www.santeesd.net
"3235 East Eighth Street, 
National City, CA  91950",National City,National Elementary,696,0626670,566,(619) 336-8255,K-6,5991,5,32.6852,-117.07363,Ira Harbison School,062667004044,https://www.greatschools.org/california/national-city/5991-Ira-Harbison-School/?s_cid=gsapi,(619) 336-8200,https://www.greatschools.org/school/rating.page?state=CA&id=5991&s_cid=gsapi,https://www.greatschools.org/school/parentReviews.page?state=CA&id=5991&s_cid=gsapi,https://www.greatschools.org/modperl/achievement/CA/5991,CA,public,
"4431 Mount Herbert Avenue, 
San Diego, CA  92117",San Diego,San Diego Unified School District,705,0634320,280,(858) 627-9289,K-12,11108,7,32.82331,-117.19422,John Muir School,063432005487,https://www.greatschools.org/california/san-diego/11108-John-Muir-School/?s_cid=gsapi,(858) 268-1954,https://www.greatschools.org/school/rating.page?state=CA&id=11108&s_cid=gsapi,https://www.greatschools.org/school/parentReviews.page?state=CA&id=11108&s_cid=gsapi,https://www.greatschools.org/modperl/achievement/CA/11108,CA,public,https://www.sandiegounified.org/schools/john-muir
"229 East Naples, 
Chula Vista, CA  91911",Chula Vista,Chula Vista Elementary School District,677,0608610,308,(619) 420-0677,K-6,25145,4,32.62028,-117.04771,Leonardo Da Vinci Health Sciences Charter School,060861012425,https://www.greatschools.org/california/chula-vista/25145-Leonardo-Da-Vinci-Health-Sciences-Charter-School/?s_cid=gsapi,(619) 420-0066,https://www.greatschools.org/school/rating.page?state=CA&id=25145&s_cid=gsapi,https://www.greatschools.org/school/parentReviews.page?state=CA&id=25145&s_cid=gsapi,https://www.greatschools.org/modperl/achievement/CA/25145,CA,charter,www.davincicharter.org
"5055 July Street, 
San Diego, CA  92110",San Diego,San Diego Unified School District,705,0634320,832,(619) 276-7008,K-8,6190,7,32.782887,-117.18854,Longfellow K-8,063432005505,https://www.greatschools.org/california/san-diego/6190-Longfellow-K-8/?s_cid=gsapi,(619) 276-4206,https://www.greatschools.org/school/rating.page?state=CA&id=6190&s_cid=gsapi,https://www.greatschools.org/school/parentReviews.page?state=CA&id=6190&s_cid=gsapi,https://www.greatschools.org/modperl/achievement/CA/6190,CA,public,
"3800 Pala Road, 
Oceanside, CA  92058",Oceanside,Oceanside Unified School District,697,0628250,746,(760) 754-1567,1-5,17595,4,33.238922,-117.32918,Louise Foussat Elementary School,062825012011,https://www.greatschools.org/california/oceanside/17595-Louise-Foussat-Elementary-School/?s_cid=gsapi,(760) 721-2200,https://www.greatschools.org/school/rating.page?state=CA&id=17595&s_cid=gsapi,https://www.greatschools.org/school/parentReviews.page?state=CA&id=17595&s_cid=gsapi,https://www.greatschools.org/modperl/achievement/CA/17595,CA,public,http://foussat.oside.us/
"4833 Doliva Drive, 
San Diego, CA  92117",San Diego,San Diego Unified School District,705,0634320,1161,(858) 496-8421,9-12,6192,7,32.831028,-117.17354,Madison High School,063432005509,https://www.greatschools.org/california/san-diego/6192-Madison-High-School/?s_cid=gsapi,(858) 496-8410,https://www.greatschools.org/school/rating.page?state=CA&id=6192&s_cid=gsapi,https://www.greatschools.org/school/parentReviews.page?state=CA&id=6192&s_cid=gsapi,https://www.greatschools.org/modperl/achievement/CA/6192,CA,public,www.madison.sandi.net
"12320 Meadowbrook Lane, 
Poway, CA  92064",Poway,Poway Unified School District,699,0631530,1343,(858) 679-0149,6-8,6035,8,32.963375,-117.06406,Meadowbrook Middle School,063153004888,https://www.greatschools.org/california/poway/6035-Meadowbrook-Middle-School/?s_cid=gsapi,(858) 748-0802,https://www.greatschools.org/school/rating.page?state=CA&id=6035&s_cid=gsapi,https://www.greatschools.org/school/parentReviews.page?state=CA&id=6035&s_cid=gsapi,https://www.greatschools.org/modperl/achievement/CA/6035,CA,public,www.powayusd.com/pusdmbms
"1601 Fourth Avenue, 
Chula Vista, CA  91911",Chula Vista,Chula Vista Elementary School District,677,0608610,366,(619) 426-6836,K-6,5843,5,32.597893,-117.06902,Montgomery (John J.) Elementary School,060861000868,https://www.greatschools.org/california/chula-vista/5843-Montgomery-(John-J.)-Elementary-School/?s_cid=gsapi,(619) 422-6131,https://www.greatschools.org/school/rating.page?state=CA&id=5843&s_cid=gsapi,https://www.greatschools.org/school/parentReviews.page?state=CA&id=5843&s_cid=gsapi,https://www.greatschools.org/modperl/achievement/CA/5843,CA,public,http://schools.cvesd.org/schools/montgomery/
"8305 El Paso Street, 
La Mesa, CA  91942",La Mesa,La Mesa-Spring Valley School District,694,0620250,786,(619) 668-8318,K-6,5971,7,32.788387,-117.01987,Murray Manor Elementary School,062025002439,https://www.greatschools.org/california/la-mesa/5971-Murray-Manor-Elementary-School/?s_cid=gsapi,(619) 668-5865,https://www.greatschools.org/school/rating.page?state=CA&id=5971&s_cid=gsapi,https://www.greatschools.org/school/parentReviews.page?state=CA&id=5971&s_cid=gsapi,https://www.greatschools.org/modperl/achievement/CA/5971,CA,public,http://www.lmsvsd.org/murraymanor
"1830 East Division Street, 
National City, CA  91950",National City,National Elementary,696,0626670,464,(619) 336-8155,K-6,5995,4,32.688004,-117.09057,Rancho de la Nacion School,062667009590,https://www.greatschools.org/california/national-city/5995-Rancho-De-La-Nacion-School/?s_cid=gsapi,(619) 336-8100,https://www.greatschools.org/school/rating.page?state=CA&id=5995&s_cid=gsapi,https://www.greatschools.org/school/parentReviews.page?state=CA&id=5995&s_cid=gsapi,https://www.greatschools.org/modperl/achievement/CA/5995,CA,public,
"925 Lehner Avenue, 
Escondido, CA  92026",Escondido,Escondido Union School District,684,0612880,1304,(760) 743-6713,6-8,5903,5,33.15774,-117.08258,Rincon Middle School,061288008833,https://www.greatschools.org/california/escondido/5903-Rincon-Middle-School/?s_cid=gsapi,(760) 432-2491,https://www.greatschools.org/school/rating.page?state=CA&id=5903&s_cid=gsapi,https://www.greatschools.org/school/parentReviews.page?state=CA&id=5903&s_cid=gsapi,https://www.greatschools.org/modperl/achievement/CA/5903,CA,public,http://rincon.eusd.org/
"4885 Del Sol Boulevard, 
San Diego, CA  92154",San Diego,San Ysidro Elementary School District,711,0635220,2013,,PK-3,27081,7,32.570713,-117.02803,Vista Del Mar,063522012993,https://www.greatschools.org/california/san-diego/27081-Vista-Del-Mar/?s_cid=gsapi,(619) 661-6753,https://www.greatschools.org/school/rating.page?state=CA&id=27081&s_cid=gsapi,https://www.greatschools.org/school/parentReviews.page?state=CA&id=27081&s_cid=gsapi,https://www.greatschools.org/modperl/achievement/CA/27081,CA,public,
"1508 Windsor Road, 
Cardiff-By-The-Sea, CA  92007",Cardiff-By-The-Sea,Cardiff Elementary,675,0607470,370,(760) 632-0585,3-6,5797,7,33.031258,-117.27347,Ada W. Harris Elementary School,060747000706,https://www.greatschools.org/california/cardiff_by_the_sea/5797-Ada-W.-Harris-Elementary-School/?s_cid=gsapi,(760) 632-5894,https://www.greatschools.org/school/rating.page?state=CA&id=5797&s_cid=gsapi,https://www.greatschools.org/school/parentReviews.page?state=CA&id=5797&s_cid=gsapi,https://www.greatschools.org/modperl/achievement/CA/5797,CA,public,http://www.cardiffschools.com/
"1888 Montgomery Avenue, 
Cardiff-By-The-Sea, CA  92007",Cardiff-By-The-Sea,Cardiff Elementary,675,0607470,361,(760) 632-5375,K-3,5796,9,33.02506,-117.28219,Cardiff Elementary School,060747000707,https://www.greatschools.org/california/cardiff_by_the_sea/5796-Cardiff-Elementary-School/?s_cid=gsapi,(760) 632-5892,https://www.greatschools.org/school/rating.page?state=CA&id=5796&s_cid=gsapi,https://www.greatschools.org/school/parentReviews.page?state=CA&id=5796&s_cid=gsapi,https://www.greatschools.org/modperl/achievement/CA/5796,CA,public,
"6900 Ambrosia Lane, 
Carlsbad, CA  92009",Carlsbad,Carlsbad Unified School District,680,0607500,693,(760) 438-4576,K-5,5864,10,33.10132,-117.27669,Aviara Oaks Elementary School,060750009747,https://www.greatschools.org/california/carlsbad/5864-Aviara-Oaks-Elementary-School/?s_cid=gsapi,(760) 331-6000,https://www.greatschools.org/school/rating.page?state=CA&id=5864&s_cid=gsapi,https://www.greatschools.org/school/parentReviews.page?state=CA&id=5864&s_cid=gsapi,https://www.greatschools.org/modperl/achievement/CA/5864,CA,public,www.carlsbadusd.k12.ca.us
"6880 Ambrosia Lane, 
Carlsbad, CA  92011",Carlsbad,Carlsbad Unified School District,680,0607500,1093,(760) 438-7894,6-8,11843,8,33.103065,-117.27898,Aviara Oaks Middle School,060750008606,https://www.greatschools.org/california/carlsbad/11843-Aviara-Oaks-Middle-School/?s_cid=gsapi,(760) 331-6100,https://www.greatschools.org/school/rating.page?state=CA&id=11843&s_cid=gsapi,https://www.greatschools.org/school/parentReviews.page?state=CA&id=11843&s_cid=gsapi,https://www.greatschools.org/modperl/achievement/CA/11843,CA,public,www.carlsbadusd.k12.ca.us
"21660 Road 60, 
Tulare, CA  93274",Tulare,Buena Vista Elementary,952,0606420,187,(559) 684-0932,K-8,7422,5,36.182884,-119.43916,Buena Vista Elementary School,060642000562,https://www.greatschools.org/california/tulare/7422-Buena-Vista-Elementary-School/?s_cid=gsapi,(559) 686-2015,https://www.greatschools.org/school/rating.page?state=CA&id=7422&s_cid=gsapi,https://www.greatschools.org/school/parentReviews.page?state=CA&id=7422&s_cid=gsapi,https://www.greatschools.org/modperl/achievement/CA/7422,CA,public,
"4100 Tamarack Avenue, 
Carlsbad, CA  92008",Carlsbad,Carlsbad Unified School District,680,0607500,476,(760) 729-3040,K-5,12224,6,33.172386,-117.29083,Calavera Hills Elementary School,060750010643,https://www.greatschools.org/california/carlsbad/12224-Calavera-Hills-Elementary-School/?s_cid=gsapi,(760) 331-6300,https://www.greatschools.org/school/rating.page?state=CA&id=12224&s_cid=gsapi,https://www.greatschools.org/school/parentReviews.page?state=CA&id=12224&s_cid=gsapi,https://www.greatschools.org/modperl/achievement/CA/12224,CA,public,www.carlsbadusd.k12.ca.us/calavera.htm
"4104 Tamarack Avenue, 
Carlsbad, CA  92008",Carlsbad,Carlsbad Unified School District,680,0607500,458,(760) 729-3040,6-8,14745,7,33.172386,-117.29083,Calavera Hills Middle School,060750011402,https://www.greatschools.org/california/carlsbad/14745-Calavera-Hills-Middle-School/?s_cid=gsapi,(760) 331-6400,https://www.greatschools.org/school/rating.page?state=CA&id=14745&s_cid=gsapi,https://www.greatschools.org/school/parentReviews.page?state=CA&id=14745&s_cid=gsapi,https://www.greatschools.org/modperl/achievement/CA/14745,CA,public,www.calaverahillscoyotes.com
"3557 Monroe Street, 
Carlsbad, CA  92008",Carlsbad,Carlsbad Unified School District,680,0607500,2685,(760) 729-6830,9-12,5866,8,33.16241,-117.32695,Carlsbad High School,060750000709,https://www.greatschools.org/california/carlsbad/5866-Carlsbad-High-School/?s_cid=gsapi,(760) 331-5100,https://www.greatschools.org/school/rating.page?state=CA&id=5866&s_cid=gsapi,https://www.greatschools.org/school/parentReviews.page?state=CA&id=5866&s_cid=gsapi,https://www.greatschools.org/modperl/achievement/CA/5866,CA,public,www.carlsbadusd.k12.ca.us
"3557 Monroe Street, 
Carlsbad, CA  92008",Carlsbad,Carlsbad Unified School District,680,0607500,47,(760) 729-1791,9-12,11124,7,33.160103,-117.32672,Carlsbad Seaside Academy,060750008311,https://www.greatschools.org/california/carlsbad/11124-Carlsbad-Seaside-Academy/?s_cid=gsapi,(760) 331-5299,https://www.greatschools.org/school/rating.page?state=CA&id=11124&s_cid=gsapi,https://www.greatschools.org/school/parentReviews.page?state=CA&id=11124&s_cid=gsapi,https://www.greatschools.org/modperl/achievement/CA/11124,CA,public,http://www.littlelake.com/cas
"4474 El Cajon Boulevard, 
San Diego, CA  92115",San Diego,San Diego Unified School District,705,0634320,2021,(619) 344-4648,9-12,6163,4,32.757236,-117.09798,Hoover High School,063432005482,https://www.greatschools.org/california/san-diego/6163-Hoover-High-School/?s_cid=gsapi,(619) 344-4500,https://www.greatschools.org/school/rating.page?state=CA&id=6163&s_cid=gsapi,https://www.greatschools.org/school/parentReviews.page?state=CA&id=6163&s_cid=gsapi,https://www.greatschools.org/modperl/achievement/CA/6163,CA,public,
"14567 Lyons Valley Road, 
Jamul, CA  91935",Jamul,Jamul-Dulzura Union Elementary,689,0618730,223,(619) 669-0438,K-3,5934,6,32.72838,-116.85451,Jamul Primary School,061873002273,https://www.greatschools.org/california/jamul/5934-Jamul-Primary-School/?s_cid=gsapi,(619) 669-7800,https://www.greatschools.org/school/rating.page?state=CA&id=5934&s_cid=gsapi,https://www.greatschools.org/school/parentReviews.page?state=CA&id=5934&s_cid=gsapi,https://www.greatschools.org/modperl/achievement/CA/5934,CA,public,www.jdusd.net/primary.cfm
"229 East Naples Street, 
Chula Vista, CA  91911",Chula Vista,Chula Vista Elementary School District,677,0608610,306,(619) 498-1433,K-6,5839,5,32.619694,-117.04805,Kellogg (Karl H.) Elementary School,060861000864,https://www.greatschools.org/california/chula-vista/5839-Kellogg-(Karl-H.)-Elementary-School/?s_cid=gsapi,(619) 420-4151,https://www.greatschools.org/school/rating.page?state=CA&id=5839&s_cid=gsapi,https://www.greatschools.org/school/parentReviews.page?state=CA&id=5839&s_cid=gsapi,https://www.greatschools.org/modperl/achievement/CA/5839,CA,public,http://schools.cvesd.org/schools/kellogg/
"4930 Lake Boulevard, 
Oceanside, CA  92056",Oceanside,Vista Unified School District,714,0641190,1164,(760) 940-2081,6-8,6322,5,33.175026,-117.25828,Madison Middle School,064119003968,https://www.greatschools.org/california/oceanside/6322-Madison-Middle-School/?s_cid=gsapi,(760) 940-0176,https://www.greatschools.org/school/rating.page?state=CA&id=6322&s_cid=gsapi,https://www.greatschools.org/school/parentReviews.page?state=CA&id=6322&s_cid=gsapi,https://www.greatschools.org/modperl/achievement/CA/6322,CA,public,www.mms.vistausd.org
"4676 Ingraham Street, 
San Diego, CA  92109",San Diego,San Diego Unified School District,705,0634320,585,(858) 270-8063,6-8,6217,6,32.801315,-117.24186,Pacific Beach Middle School,063432005532,https://www.greatschools.org/california/san-diego/6217-Pacific-Beach-Middle-School/?s_cid=gsapi,(858) 273-9070,https://www.greatschools.org/school/rating.page?state=CA&id=6217&s_cid=gsapi,https://www.greatschools.org/school/parentReviews.page?state=CA&id=6217&s_cid=gsapi,https://www.greatschools.org/modperl/achievement/CA/6217,CA,public,https://www.sandiegounified.org/schools/pacific-beach-middle
"1030 La Bonita Drive, 
Suite 350
San Marcos, CA  92078",San Marcos,Mountain Empire Unified School District,695,0626100,105,(760) 891-0562,6-12,25266,3,33.124527,-117.2085,Pivot Charter School - San Diego,062610012823,https://www.greatschools.org/california/san-marcos/25266-Pivot-Charter-School---San-Diego/?s_cid=gsapi,(877) 544-1429,https://www.greatschools.org/school/rating.page?state=CA&id=25266&s_cid=gsapi,https://www.greatschools.org/school/parentReviews.page?state=CA&id=25266&s_cid=gsapi,https://www.greatschools.org/modperl/achievement/CA/25266,CA,charter,http://www.pivotsandiego.com/
"3900 Cannon Road, 
Carlsbad, CA  92010",Carlsbad,Carlsbad Unified School District,680,0607500,722,(760) 730-9698,9-12,31104,8,33.156963,-117.28597,Sage Creek High School,060750013058,https://www.greatschools.org/california/carlsbad/31104-Sage-Creek-High-School/?s_cid=gsapi,(760) 331-6600,https://www.greatschools.org/school/rating.page?state=CA&id=31104&s_cid=gsapi,https://www.greatschools.org/school/parentReviews.page?state=CA&id=31104&s_cid=gsapi,https://www.greatschools.org/modperl/achievement/CA/31104,CA,public,http://carlsbadusd.k12.ca.us
"14249 Fruitvale Road, 
Valley Center, CA  92082",Valley Center,Valley Center-Pauma Unified,1050,0600069,600,(760) 751-2654,K-3,11133,,33.239822,-117.02158,Valley Center Primary,060006908613,https://www.greatschools.org/california/valley-center/11133-Valley-Center-Primary/?s_cid=gsapi,(760) 749-8282,https://www.greatschools.org/school/rating.page?state=CA&id=11133&s_cid=gsapi,https://www.greatschools.org/school/parentReviews.page?state=CA&id=11133&s_cid=gsapi,https://www.greatschools.org/modperl/achievement/CA/11133,CA,public,http://vcps.vcpusd.net/
"4300 Allen School Road, 
Bonita, CA  91902",Bonita,Chula Vista Elementary School District,677,0608610,391,(619) 267-6237,K-6,5824,8,32.65679,-117.03359,Allen (Ella B.) Elementary School,060861000855,https://www.greatschools.org/california/bonita/5824-Allen-(Ella-B.)-Elementary-School/?s_cid=gsapi,(619) 479-3662,https://www.greatschools.org/school/rating.page?state=CA&id=5824&s_cid=gsapi,https://www.greatschools.org/school/parentReviews.page?state=CA&id=5824&s_cid=gsapi,https://www.greatschools.org/modperl/achievement/CA/5824,CA,public,http://schools.cvesd.org/schools/allen/
"2491 School House Road, 
Chula Vista, CA  91915",Chula Vista,Chula Vista Elementary School District,677,0608610,1037,(619) 656-1858,K-8,11097,9,32.65903,-116.96821,Arroyo Vista Charter School,060861008299,https://www.greatschools.org/california/chula-vista/11097-Arroyo-Vista-Charter-School/?s_cid=gsapi,(619) 656-9676,https://www.greatschools.org/school/rating.page?state=CA&id=11097&s_cid=gsapi,https://www.greatschools.org/school/parentReviews.page?state=CA&id=11097&s_cid=gsapi,https://www.greatschools.org/modperl/achievement/CA/11097,CA,charter,www.cvesd.org/arroyovista
"1650 Exploration Falls Drive, 
Chula Vista, CA  91915",Chula Vista,Chula Vista Elementary School District,677,0608610,1045,,K-6,31024,7,32.62293,-116.957985,Camarena (Enrique S.) Elementary,060861013096,https://www.greatschools.org/california/chula-vista/31024-Camarena-(Enrique-S.)-Elementary/?s_cid=gsapi,(619) 591-5500,https://www.greatschools.org/school/rating.page?state=CA&id=31024&s_cid=gsapi,https://www.greatschools.org/school/parentReviews.page?state=CA&id=31024&s_cid=gsapi,https://www.greatschools.org/modperl/achievement/CA/31024,CA,public,http://schools.cvesd.org/schools/camarena/
"1130 East J Street, 
Chula Vista, CA  91910",Chula Vista,Chula Vista Elementary School District,677,0608610,560,(619) 421-3008,K-6,5825,8,32.63047,-117.00916,Casillas (Joseph) Elementary School,060861007646,https://www.greatschools.org/california/chula-vista/5825-Casillas-(Joseph)-Elementary-School/?s_cid=gsapi,(619) 421-7555,https://www.greatschools.org/school/rating.page?state=CA&id=5825&s_cid=gsapi,https://www.greatschools.org/school/parentReviews.page?state=CA&id=5825&s_cid=gsapi,https://www.greatschools.org/modperl/achievement/CA/5825,CA,public,http://schools.cvesd.org/schools/casillas/
"25 Emerson Street, 
Chula Vista, CA  91910",Chula Vista,Chula Vista Elementary School District,677,0608610,411,(619) 422-4452,K-6,5826,7,32.615078,-117.05727,Castle Park Elementary School,060861000856,https://www.greatschools.org/california/chula-vista/5826-Castle-Park-Elementary-School/?s_cid=gsapi,(619) 422-5301,https://www.greatschools.org/school/rating.page?state=CA&id=5826&s_cid=gsapi,https://www.greatschools.org/school/parentReviews.page?state=CA&id=5826&s_cid=gsapi,https://www.greatschools.org/modperl/achievement/CA/5826,CA,public,http://schools.cvesd.org/schools/castlepark/
"980 Buena Vista Way, 
Chula Vista, CA  91910",Chula Vista,Chula Vista Elementary School District,677,0608610,526,(619) 482-6823,K-6,5828,9,32.63627,-117.00244,Chula Vista Hills Elementary School,060861009350,https://www.greatschools.org/california/chula-vista/5828-Chula-Vista-Hills-Elementary-School/?s_cid=gsapi,(619) 482-7066,https://www.greatschools.org/school/rating.page?state=CA&id=5828&s_cid=gsapi,https://www.greatschools.org/school/parentReviews.page?state=CA&id=5828&s_cid=gsapi,https://www.greatschools.org/modperl/achievement/CA/5828,CA,public,http://schools.cvesd.org/schools/chulavistahills/
"590 K Street, 
Chula Vista, CA  91911",Chula Vista,Chula Vista Elementary School District,677,0608610,1325,(619) 426-3048,K-12,5827,6,32.620712,-117.08496,Chula Vista Learning Community Charter School,060861007649,https://www.greatschools.org/california/chula-vista/5827-Chula-Vista-Learning-Community-Charter-School/?s_cid=gsapi,(619) 426-2885,https://www.greatschools.org/school/rating.page?state=CA&id=5827&s_cid=gsapi,https://www.greatschools.org/school/parentReviews.page?state=CA&id=5827&s_cid=gsapi,https://www.greatschools.org/modperl/achievement/CA/5827,CA,charter,http://schools.cvesd.org/schools/cvlcc/
"455 Windrose Way, 
Chula Vista, CA  91910",Chula Vista,Chula Vista Elementary School District,677,0608610,500,(619) 498-3007,K-6,5829,7,32.644775,-117.04507,Clear View,060861010307,https://www.greatschools.org/california/chula-vista/5829-Clear-View/?s_cid=gsapi,(619) 498-3000,https://www.greatschools.org/school/rating.page?state=CA&id=5829&s_cid=gsapi,https://www.greatschools.org/school/parentReviews.page?state=CA&id=5829&s_cid=gsapi,https://www.greatschools.org/modperl/achievement/CA/5829,CA,public,http://schools.cvesd.org/schools/clearview/
"875 Cuyamaca Avenue, 
Chula Vista, CA  91911",Chula Vista,Chula Vista Elementary School District,677,0608610,355,(619) 427-3407,K-6,5830,7,32.625923,-117.05623,Cook (Hazel Goes) Elementary School,060861000857,https://www.greatschools.org/california/chula-vista/5830-Cook-(Hazel-Goes)-Elementary-School/?s_cid=gsapi,(619) 422-8381,https://www.greatschools.org/school/rating.page?state=CA&id=5830&s_cid=gsapi,https://www.greatschools.org/school/parentReviews.page?state=CA&id=5830&s_cid=gsapi,https://www.greatschools.org/modperl/achievement/CA/5830,CA,public,http://schools.cvesd.org/schools/cook/
"1100 Camino Biscay, 
Chula Vista, CA  91910",Chula Vista,Chula Vista Elementary School District,677,0608610,889,(619) 656-3899,K-8,5831,9,32.641937,-117.01761,Discovery Charter School,060861002633,https://www.greatschools.org/california/chula-vista/5831-Discovery-Charter-School/?s_cid=gsapi,(619) 656-0797,https://www.greatschools.org/school/rating.page?state=CA&id=5831&s_cid=gsapi,https://www.greatschools.org/school/parentReviews.page?state=CA&id=5831&s_cid=gsapi,https://www.greatschools.org/modperl/achievement/CA/5831,CA,charter,http://schools.cvesd.org/schools/discovery/
"1120 Eastlake Parkway, 
Chula Vista, CA  91915",Chula Vista,Sweetwater Union High School District,710,0638640,3079,(619) 656-9736,9-12,6284,9,32.64644,-116.96519,Eastlake High School,063864001223,https://www.greatschools.org/california/chula-vista/6284-Eastlake-High-School/?s_cid=gsapi,(619) 397-3800,https://www.greatschools.org/school/rating.page?state=CA&id=6284&s_cid=gsapi,https://www.greatschools.org/school/parentReviews.page?state=CA&id=6284&s_cid=gsapi,https://www.greatschools.org/modperl/achievement/CA/6284,CA,public,http://www.suhsd.k12.ca.us/elh/
"4080 52nd Street, 
San Diego, CA  92105",San Diego,San Diego Unified School District,705,0634320,726,(619) 624-2690,K-5,6165,4,32.750942,-117.08358,Fay Elementary School,063432005484,https://www.greatschools.org/california/san-diego/6165-Fay-Elementary-School/?s_cid=gsapi,(619) 624-2600,https://www.greatschools.org/school/rating.page?state=CA&id=6165&s_cid=gsapi,https://www.greatschools.org/school/parentReviews.page?state=CA&id=6165&s_cid=gsapi,https://www.greatschools.org/modperl/achievement/CA/6165,CA,public,https://www.sandiegounified.org/schools/fay
"4375 Bannock Avenue, 
San Diego, CA  92117",San Diego,San Diego Unified School District,705,0634320,294,(858) 581-0873,PK-5,6140,6,32.831963,-117.19844,Field Elementary School,063432005458,https://www.greatschools.org/california/san-diego/6140-Field-Elementary-School/?s_cid=gsapi,(858) 800-5900,https://www.greatschools.org/school/rating.page?state=CA&id=6140&s_cid=gsapi,https://www.greatschools.org/school/parentReviews.page?state=CA&id=6140&s_cid=gsapi,https://www.greatschools.org/modperl/achievement/CA/6140,CA,public,https://www.sandiegounified.org/schools/field
"9750 Galvin Avenue, 
San Diego, CA  92126",San Diego,San Diego Unified School District,705,0634320,628,(619) 693-7942,K-5,6153,8,32.920494,-117.12094,Hage Elementary School,063432010057,https://www.greatschools.org/california/san-diego/6153-Hage-Elementary-School/?s_cid=gsapi,(858) 566-0273,https://www.greatschools.org/school/rating.page?state=CA&id=6153&s_cid=gsapi,https://www.greatschools.org/school/parentReviews.page?state=CA&id=6153&s_cid=gsapi,https://www.greatschools.org/modperl/achievement/CA/6153,CA,public,www.hagepta.com
"1704 Cape Horn Avenue, 
Julian, CA  92036",Julian,Julian Union Elementary,690,0619140,465,,K-12,31160,5,33.07865,-116.594864,Harbor Springs Charter,061914013715,https://www.greatschools.org/california/julian/31160-Harbor-Springs-Charter/?s_cid=gsapi,(951) 252-8800,https://www.greatschools.org/school/rating.page?state=CA&id=31160&s_cid=gsapi,https://www.greatschools.org/school/parentReviews.page?state=CA&id=31160&s_cid=gsapi,https://www.greatschools.org/modperl/achievement/CA/31160,CA,charter,www.springscharterschools.org
"6230 Del Cerro Boulevard, 
San Diego, CA  92120",San Diego,San Diego Unified School District,705,0634320,497,(619) 287-9921,K-5,6158,10,32.783882,-117.0643,Hearst Elementary School,063432005477,https://www.greatschools.org/california/san-diego/6158-Hearst-Elementary-School/?s_cid=gsapi,(619) 583-5704,https://www.greatschools.org/school/rating.page?state=CA&id=6158&s_cid=gsapi,https://www.greatschools.org/school/parentReviews.page?state=CA&id=6158&s_cid=gsapi,https://www.greatschools.org/modperl/achievement/CA/6158,CA,public,http://www.sandi.net/hearst
"230 Harbour Way S, 
Richmond, CA  94804",Richmond,West Contra Costa Unified School District,57,0632550,195,(510) 235-2487,9-12,32027,,37.928135,-122.35928,John Henry High,174113892,https://www.greatschools.org/california/richmond/32027-John-Henry-High/?s_cid=gsapi,(510) 235-2439,https://www.greatschools.org/school/rating.page?state=CA&id=32027&s_cid=gsapi,https://www.greatschools.org/school/parentReviews.page?state=CA&id=32027&s_cid=gsapi,https://www.greatschools.org/modperl/achievement/CA/32027,CA,charter,http://amps-ca.schoolloop.com/JHHS
"31360 Highway 94, 
Campo, CA  91906",Campo,Mountain Empire Unified School District,695,0626100,15,(619) 478-2609,7-12,11106,,32.624847,-116.47525,Hillside Junior/Senior High School,062610006496,https://www.greatschools.org/california/campo/11106-Hillside-Junior-Senior-High-School/?s_cid=gsapi,(619) 478-2735,https://www.greatschools.org/school/rating.page?state=CA&id=11106&s_cid=gsapi,https://www.greatschools.org/school/parentReviews.page?state=CA&id=11106&s_cid=gsapi,https://www.greatschools.org/modperl/achievement/CA/11106,CA,public,
"5050 Guymon Street, 
San Diego, CA  92102",San Diego,San Diego Unified School District,705,0634320,478,(619) 262-8023,K-5,6164,3,32.712467,-117.0864,Horton Elementary School,063432005483,https://www.greatschools.org/california/san-diego/6164-Horton-Elementary-School/?s_cid=gsapi,(619) 264-0171,https://www.greatschools.org/school/rating.page?state=CA&id=6164&s_cid=gsapi,https://www.greatschools.org/school/parentReviews.page?state=CA&id=6164&s_cid=gsapi,https://www.greatschools.org/modperl/achievement/CA/6164,CA,public,https://www.sandiegounified.org/schools/horton
"4271 Myrtle Avenue, 
San Diego, CA  92105",San Diego,San Diego Unified School District,705,0634320,721,,K-5,17607,6,32.742115,-117.1027,Joyner Elementary School,063432012000,https://www.greatschools.org/california/san-diego/17607-Joyner-Elementary-School/?s_cid=gsapi,(619) 640-4000,https://www.greatschools.org/school/rating.page?state=CA&id=17607&s_cid=gsapi,https://www.greatschools.org/school/parentReviews.page?state=CA&id=17607&s_cid=gsapi,https://www.greatschools.org/modperl/achievement/CA/17607,CA,public,http://www.cde.ca.gov/re/sd/details.asp?cds=37683380114041&Public=Y
"7270 Lisbon Street, 
San Diego, CA  92114",San Diego,San Diego Unified School District,705,0634320,515,(619) 262-2217,K-8,6172,3,32.71362,-117.04243,Keiller Leadership Academy,063432005492,https://www.greatschools.org/california/san-diego/6172-Keiller-Leadership-Academy/?s_cid=gsapi,(619) 263-9266,https://www.greatschools.org/school/rating.page?state=CA&id=6172&s_cid=gsapi,https://www.greatschools.org/school/parentReviews.page?state=CA&id=6172&s_cid=gsapi,https://www.greatschools.org/modperl/achievement/CA/6172,CA,charter,www.keillerleaders.org
"4961 64th Street, 
San Diego, CA  92115",San Diego,San Diego Unified School District,705,0634320,1037,(619) 582-1769,K-8,6182,7,32.76908,-117.06178,Language Academy,063432005275,https://www.greatschools.org/california/san-diego/6182-Language-Academy/?s_cid=gsapi,(619) 287-1182,https://www.greatschools.org/school/rating.page?state=CA&id=6182&s_cid=gsapi,https://www.greatschools.org/school/parentReviews.page?state=CA&id=6182&s_cid=gsapi,https://www.greatschools.org/modperl/achievement/CA/6182,CA,public,http://www.sandi.net/languageacademy
"12463 Lemon Crest Drive, 
Lakeside, CA  92040",Lakeside,Lakeside Union Elementary School District,692,0620790,589,(619) 390-2563,K-5,5944,4,32.852333,-116.92115,Lemon Crest Elementary School,062079010310,https://www.greatschools.org/california/lakeside/5944-Lemon-Crest-Elementary-School/?s_cid=gsapi,(619) 390-2527,https://www.greatschools.org/school/rating.page?state=CA&id=5944&s_cid=gsapi,https://www.greatschools.org/school/parentReviews.page?state=CA&id=5944&s_cid=gsapi,https://www.greatschools.org/modperl/achievement/CA/5944,CA,public,www.lsusd.net
"533 South First Street, 
El Cajon, CA  92019",El Cajon,Cajon Valley Union School District,676,0606810,777,(619) 588-3675,K-5,5815,3,32.78999,-116.94455,Lexington Elementary School,060681000618,https://www.greatschools.org/california/el-cajon/5815-Lexington-Elementary-School/?s_cid=gsapi,(619) 588-3075,https://www.greatschools.org/school/rating.page?state=CA&id=5815&s_cid=gsapi,https://www.greatschools.org/school/parentReviews.page?state=CA&id=5815&s_cid=gsapi,https://www.greatschools.org/modperl/achievement/CA/5815,CA,public,
"10355 Loma Lane, 
Spring Valley, CA  91978",Spring Valley,La Mesa-Spring Valley School District,694,0620250,432,(619) 670-6839,K-6,5968,3,32.736645,-116.96885,Loma Elementary School,062025002436,https://www.greatschools.org/california/spring-valley/5968-Loma-Elementary-School/?s_cid=gsapi,(619) 668-5862,https://www.greatschools.org/school/rating.page?state=CA&id=5968&s_cid=gsapi,https://www.greatschools.org/school/parentReviews.page?state=CA&id=5968&s_cid=gsapi,https://www.greatschools.org/modperl/achievement/CA/5968,CA,public,http://lmsvsd.org/
"1450 Loma Lane, 
Chula Vista, CA  91911",Chula Vista,Chula Vista Elementary School District,677,0608610,563,(619) 422-2667,K-6,5841,7,32.601124,-117.04886,Loma Verde Elementary School,060861000866,https://www.greatschools.org/california/chula-vista/5841-Loma-Verde-Elementary-School/?s_cid=gsapi,(619) 420-3940,https://www.greatschools.org/school/rating.page?state=CA&id=5841&s_cid=gsapi,https://www.greatschools.org/school/parentReviews.page?state=CA&id=5841&s_cid=gsapi,https://www.greatschools.org/modperl/achievement/CA/5841,CA,public,http://schools.cvesd.org/schools/lomaverde/
"1267 Thermal Avenue, 
San Diego, CA  92154",San Diego,Sweetwater Union High School District,710,0638640,868,(619) 423-8431,7-8,6288,2,32.574883,-117.09595,Mar Vista Academy,063864006485,https://www.greatschools.org/california/san-diego/6288-Mar-Vista-Academy/?s_cid=gsapi,(619) 628-5100,https://www.greatschools.org/school/rating.page?state=CA&id=6288&s_cid=gsapi,https://www.greatschools.org/school/parentReviews.page?state=CA&id=6288&s_cid=gsapi,https://www.greatschools.org/modperl/achievement/CA/6288,CA,public,http://mva.sweetwaterschools.org/
"3025 Fir Street, 
San Diego, CA  92102",San Diego,San Diego Unified School District,705,0634320,134,(619) 239-1318,K-3,6232,4,32.725014,-117.1297,Mcgill School Of Success,063432005339,https://www.greatschools.org/california/san-diego/6232-Mcgill-School-Of-Success/?s_cid=gsapi,(619) 239-0632,https://www.greatschools.org/school/rating.page?state=CA&id=6232&s_cid=gsapi,https://www.greatschools.org/school/parentReviews.page?state=CA&id=6232&s_cid=gsapi,https://www.greatschools.org/modperl/achievement/CA/6232,CA,charter,www.mcgillschoolofsuccess.org
"7550 Canton Drive, 
Lemon Grove, CA  91945",Lemon Grove,Lemon Grove School District,693,0621330,412,(619) 825-5784,PK-6,5951,4,32.722157,-117.03316,Monterey Heights Elementary School,062133002551,https://www.greatschools.org/california/lemon-grove/5951-Monterey-Heights-Elementary-School/?s_cid=gsapi,(619) 825-5633,https://www.greatschools.org/school/rating.page?state=CA&id=5951&s_cid=gsapi,https://www.greatschools.org/school/parentReviews.page?state=CA&id=5951&s_cid=gsapi,https://www.greatschools.org/modperl/achievement/CA/5951,CA,public,http://lgsdmhe.lgsd.k12.ca.us/
"310 Ottilia Street, 
Daly City, CA  94014",Daly City,,0,,,,K-8,17365,,37.7052,-122.4159,Mt. Vernon Christian Academy,,https://www.greatschools.org/california/daly-city/17365-Mt.-Vernon-Christian-Academy/?s_cid=gsapi,(415) 508-1438,https://www.greatschools.org/school/rating.page?state=CA&id=17365&s_cid=gsapi,https://www.greatschools.org/school/parentReviews.page?state=CA&id=17365&s_cid=gsapi,https://www.greatschools.org/cgi-bin/CA/otherprivate/17365,CA,private,
"715 I Street, 
Chula Vista, CA  91910",Chula Vista,Chula Vista Elementary School District,677,0608610,1173,(619) 422-0356,K-10,5844,7,32.6262,-117.09284,Mueller Charter (Robert L.) School,060861000869,https://www.greatschools.org/california/chula-vista/5844-Mueller-Charter-(Robert-L.)-School/?s_cid=gsapi,(619) 422-6192,https://www.greatschools.org/school/rating.page?state=CA&id=5844&s_cid=gsapi,https://www.greatschools.org/school/parentReviews.page?state=CA&id=5844&s_cid=gsapi,https://www.greatschools.org/modperl/achievement/CA/5844,CA,charter,http://schools.cvesd.org/schools/mueller/
"2505 F Avenue, 
National City, CA  91950",National City,National Elementary,696,0626670,624,(619) 336-8755,K-6,5996,4,32.66289,-117.09502,Olivewood School,062667004048,https://www.greatschools.org/california/national-city/5996-Olivewood-School/?s_cid=gsapi,(619) 336-8700,https://www.greatschools.org/school/rating.page?state=CA&id=5996&s_cid=gsapi,https://www.greatschools.org/school/parentReviews.page?state=CA&id=5996&s_cid=gsapi,https://www.greatschools.org/modperl/achievement/CA/5996,CA,public,http://nsd.us/schools/olivewood/
"2861 Valley Parkway, 
Escondido, CA  92027",Escondido,Escondido Union School District,684,0612880,774,(760) 735-2840,K-5,5901,4,33.14549,-117.03603,Orange Glen Elementary School,061288001463,https://www.greatschools.org/california/escondido/5901-Orange-Glen-Elementary-School/?s_cid=gsapi,(760) 432-2487,https://www.greatschools.org/school/rating.page?state=CA&id=5901&s_cid=gsapi,https://www.greatschools.org/school/parentReviews.page?state=CA&id=5901&s_cid=gsapi,https://www.greatschools.org/modperl/achievement/CA/5901,CA,public,
"300 East Palomar Street, 
Chula Vista, CA  91911",Chula Vista,Chula Vista Elementary School District,677,0608610,389,(619) 420-8416,K-6,5847,7,32.613796,-117.04283,Palomar Elementary School,060861000871,https://www.greatschools.org/california/chula-vista/5847-Palomar-Elementary-School/?s_cid=gsapi,(619) 420-0134,https://www.greatschools.org/school/rating.page?state=CA&id=5847&s_cid=gsapi,https://www.greatschools.org/school/parentReviews.page?state=CA&id=5847&s_cid=gsapi,https://www.greatschools.org/modperl/achievement/CA/5847,CA,public,http://schools.cvesd.org/schools/palomar/
"7930 Park Village Road, 
San Diego, CA  92129",San Diego,Poway Unified School District,699,0631530,652,(858) 484-5138,K-5,6041,9,32.94129,-117.15064,Park Village Elementary School,063153003938,https://www.greatschools.org/california/san-diego/6041-Park-Village-Elementary-School/?s_cid=gsapi,(858) 484-5621,https://www.greatschools.org/school/rating.page?state=CA&id=6041&s_cid=gsapi,https://www.greatschools.org/school/parentReviews.page?state=CA&id=6041&s_cid=gsapi,https://www.greatschools.org/modperl/achievement/CA/6041,CA,public,www.powayusd.com/pusdpves
"2869 North Broadway, 
Escondido, CA  92026",Escondido,Escondido Union School District,684,0612880,654,(760) 739-5813,K-5,14617,5,33.17296,-117.091,Reidy Creek Elementary School,061288011130,https://www.greatschools.org/california/escondido/14617-Reidy-Creek-Elementary-School/?s_cid=gsapi,(760) 739-5800,https://www.greatschools.org/school/rating.page?state=CA&id=14617&s_cid=gsapi,https://www.greatschools.org/school/parentReviews.page?state=CA&id=14617&s_cid=gsapi,https://www.greatschools.org/modperl/achievement/CA/14617,CA,public,https://eusd.org/reidycreek/
"1155 Deodar Road, 
Escondido, CA  92026",Escondido,Escondido Union School District,684,0612880,632,(760) 745-3549,K-5,5904,3,33.1373,-117.10616,Rock Springs Elementary School,061288003933,https://www.greatschools.org/california/escondido/5904-Rock-Springs-Elementary-School/?s_cid=gsapi,(760) 432-2284,https://www.greatschools.org/school/rating.page?state=CA&id=5904&s_cid=gsapi,https://www.greatschools.org/school/parentReviews.page?state=CA&id=5904&s_cid=gsapi,https://www.greatschools.org/modperl/achievement/CA/5904,CA,public,http://rocksprings.eusd.org/
"825 South 31st Street, 
San Diego, CA  92113",San Diego,San Diego Unified School District,705,0634320,602,(619) 699-4590,K-5,17695,4,32.69762,-117.12726,Rodriguez Elementary School,063432011973,https://www.greatschools.org/california/san-diego/17695-Rodriguez-Elementary-School/?s_cid=gsapi,(619) 699-4500,https://www.greatschools.org/school/rating.page?state=CA&id=17695&s_cid=gsapi,https://www.greatschools.org/school/parentReviews.page?state=CA&id=17695&s_cid=gsapi,https://www.greatschools.org/modperl/achievement/CA/17695,CA,public,http://new.sandi.net/schools/rodriguez
"2250 68th Avenue, 
Sacramento, CA  95822",Sacramento,Sacramento City Unified School District,553,0633840,828,(916) 433-5518,K-8,4700,2,38.490257,-121.48557,Rosa Parks Elementary School,063384005231,https://www.greatschools.org/california/sacramento/4700-Rosa-Parks-Elementary-School/?s_cid=gsapi,(916) 433-5400,https://www.greatschools.org/school/rating.page?state=CA&id=4700&s_cid=gsapi,https://www.greatschools.org/school/parentReviews.page?state=CA&id=4700&s_cid=gsapi,https://www.greatschools.org/modperl/achievement/CA/4700,CA,public,
"1055 Hunte Parkway, 
Chula Vista, CA  91914",Chula Vista,Chula Vista Elementary School District,677,0608610,978,(619) 397-4669,K-6,14185,9,32.649025,-116.94929,Salt Creek Elementary School,060861011126,https://www.greatschools.org/california/chula-vista/14185-Salt-Creek-Elementary-School/?s_cid=gsapi,(619) 397-5494,https://www.greatschools.org/school/rating.page?state=CA&id=14185&s_cid=gsapi,https://www.greatschools.org/school/parentReviews.page?state=CA&id=14185&s_cid=gsapi,https://www.greatschools.org/modperl/achievement/CA/14185,CA,public,http://schools.cvesd.org/schools/saltcreek/
"1499 Venice Street, 
San Diego, CA  92107",San Diego,San Diego Unified School District,705,0634320,569,(619) 226-3058,K-4,6238,10,32.73325,-117.24418,Silver Gate Elementary School,063432005552,https://www.greatschools.org/california/san-diego/6238-Silver-Gate-Elementary-School/?s_cid=gsapi,(619) 222-1139,https://www.greatschools.org/school/rating.page?state=CA&id=6238&s_cid=gsapi,https://www.greatschools.org/school/parentReviews.page?state=CA&id=6238&s_cid=gsapi,https://www.greatschools.org/modperl/achievement/CA/6238,CA,public,new.sandi.net/schools/silvergate
"100 Yamanaka Way, 
Oceanside, CA  92058",Oceanside,Oceanside Unified School District,697,0628250,613,(760) 430-8288,K-8,6022,5,33.2542,-117.40995,Stuart Mesa Elementary School,062825007717,https://www.greatschools.org/california/oceanside/6022-Stuart-Mesa-Elementary-School/?s_cid=gsapi,(760) 901-7700,https://www.greatschools.org/school/rating.page?state=CA&id=6022&s_cid=gsapi,https://www.greatschools.org/school/parentReviews.page?state=CA&id=6022&s_cid=gsapi,https://www.greatschools.org/modperl/achievement/CA/6022,CA,public,www.smesa.oside.us/
"9611 Petite Lane, 
Lakeside, CA  92040",Lakeside,Lakeside Union Elementary School District,692,0620790,595,(619) 390-2518,6-8,5947,5,32.854477,-116.91167,Tierra Del Sol Middle School,062079002498,https://www.greatschools.org/california/lakeside/5947-Tierra-Del-Sol-Middle-School/?s_cid=gsapi,(619) 390-2670,https://www.greatschools.org/school/rating.page?state=CA&id=5947&s_cid=gsapi,https://www.greatschools.org/school/parentReviews.page?state=CA&id=5947&s_cid=gsapi,https://www.greatschools.org/modperl/achievement/CA/5947,CA,public,www.lsusd.net
"3441 West Valencia Drive, 
Fullerton, CA  92833",Fullerton,Fullerton Elementary,473,0614730,665,(714) 447-7545,K-6,3729,6,33.86746,-117.97263,Valencia Park Elementary School,061473001806,https://www.greatschools.org/california/fullerton/3729-Valencia-Park-Elementary-School/?s_cid=gsapi,(714) 447-7755,https://www.greatschools.org/school/rating.page?state=CA&id=3729&s_cid=gsapi,https://www.greatschools.org/school/parentReviews.page?state=CA&id=3729&s_cid=gsapi,https://www.greatschools.org/modperl/achievement/CA/3729,CA,public,www.fullertonsd.org/valencia/
"13000 Bowron Road, 
Poway, CA  92064",Poway,Poway Unified School District,699,0631530,736,(858) 748-6587,K-5,6052,6,32.95359,-117.04522,Valley Elementary School,063153004899,https://www.greatschools.org/california/poway/6052-Valley-Elementary-School/?s_cid=gsapi,(858) 748-2007,https://www.greatschools.org/school/rating.page?state=CA&id=6052&s_cid=gsapi,https://www.greatschools.org/school/parentReviews.page?state=CA&id=6052&s_cid=gsapi,https://www.greatschools.org/modperl/achievement/CA/6052,CA,public,www.powayusd.com/pusdves
"1645 Magnolia Avenue, 
Carlsbad, CA  92008",Carlsbad,Carlsbad Unified School District,680,0607500,1027,(760) 720-2326,6-8,5873,8,33.158897,-117.32933,Valley Middle School,060750000715,https://www.greatschools.org/california/carlsbad/5873-Valley-Middle-School/?s_cid=gsapi,(760) 331-5300,https://www.greatschools.org/school/rating.page?state=CA&id=5873&s_cid=gsapi,https://www.greatschools.org/school/parentReviews.page?state=CA&id=5873&s_cid=gsapi,https://www.greatschools.org/modperl/achievement/CA/5873,CA,public,www.carlsbadusd.k12.ca.us
"3900 Violet Street, 
La Mesa, CA  91941",La Mesa,Lemon Grove School District,693,0621330,528,(619) 825-5783,PK-8,5956,5,32.748455,-117.04493,Vista La Mesa Academy,062133002556,https://www.greatschools.org/california/la-mesa/5956-Vista-La-Mesa-Academy/?s_cid=gsapi,(619) 825-5645,https://www.greatschools.org/school/rating.page?state=CA&id=5956&s_cid=gsapi,https://www.greatschools.org/school/parentReviews.page?state=CA&id=5956&s_cid=gsapi,https://www.greatschools.org/modperl/achievement/CA/5956,CA,public,http://www.lgsd.k12.ca.us/vlm/
"710 West Maple Street, 
Exeter, CA  93221",Exeter,Exeter Unified School District,1544,0601423,663,,6-8,31047,3,36.29339,-119.15036,Wilson Middle,060142310336,https://www.greatschools.org/california/exeter/31047-Wilson-Middle/?s_cid=gsapi,(559) 592-2144,https://www.greatschools.org/school/rating.page?state=CA&id=31047&s_cid=gsapi,https://www.greatschools.org/school/parentReviews.page?state=CA&id=31047&s_cid=gsapi,https://www.greatschools.org/modperl/achievement/CA/31047,CA,public,
"650 D Avenue, 
Coronado, CA  92118",Coronado,Coronado Unified School District,679,0609870,1193,(619) 437-0236,9-12,5859,9,32.691387,-117.17815,Coronado High School,060987001071,https://www.greatschools.org/california/coronado/5859-Coronado-High-School/?s_cid=gsapi,(619) 522-8907,https://www.greatschools.org/school/rating.page?state=CA&id=5859&s_cid=gsapi,https://www.greatschools.org/school/parentReviews.page?state=CA&id=5859&s_cid=gsapi,https://www.greatschools.org/modperl/achievement/CA/5859,CA,public,http://chs.coronadousd.net/
"550 F Avenue, 
Coronado, CA  92118",Coronado,Coronado Unified School District,679,0609870,750,(619) 522-6948,6-8,5860,10,32.69377,-117.17953,Coronado Middle School,060987001072,https://www.greatschools.org/california/coronado/5860-Coronado-Middle-School/?s_cid=gsapi,(619) 522-8921,https://www.greatschools.org/school/rating.page?state=CA&id=5860&s_cid=gsapi,https://www.greatschools.org/school/parentReviews.page?state=CA&id=5860&s_cid=gsapi,https://www.greatschools.org/modperl/achievement/CA/5860,CA,public,http://coronadousd.net/
"600 Sixth Street, 
Coronado, CA  92118",Coronado,Coronado Unified School District,679,0609870,841,(619) 522-8988,K-5,5861,8,32.693943,-117.18212,Village Elementary School,060987001070,https://www.greatschools.org/california/coronado/5861-Village-Elementary-School/?s_cid=gsapi,(619) 522-8919,https://www.greatschools.org/school/rating.page?state=CA&id=5861&s_cid=gsapi,https://www.greatschools.org/school/parentReviews.page?state=CA&id=5861&s_cid=gsapi,https://www.greatschools.org/modperl/achievement/CA/5861,CA,public,http://village.coronadousd.net/
"2611 Temple Heights Drive, Suite A, 
Suite A
Oceanside, CA  92056",Oceanside,Vista Unified School District,714,0641190,1193,(760) 631-3411,11-12,13792,,33.20167,-117.23574,SIATech School,064119011401,https://www.greatschools.org/california/oceanside/13792-SIATech-School/?s_cid=gsapi,(760) 945-1227,https://www.greatschools.org/school/rating.page?state=CA&id=13792&s_cid=gsapi,https://www.greatschools.org/school/parentReviews.page?state=CA&id=13792&s_cid=gsapi,https://www.greatschools.org/modperl/achievement/CA/13792,CA,charter,www.siatech.org
"1441 Montiel Road, 
Escondido, CA  92026",Escondido,Dehesa Elementary,681,0610710,371,,K-12,31092,6,33.12945,-117.11226,Community Montessori Charter,061071013054,https://www.greatschools.org/california/escondido/31092-Community-Montessori-Charter/?s_cid=gsapi,(760) 743-7880,https://www.greatschools.org/school/rating.page?state=CA&id=31092&s_cid=gsapi,https://www.greatschools.org/school/parentReviews.page?state=CA&id=31092&s_cid=gsapi,https://www.greatschools.org/modperl/achievement/CA/31092,CA,charter,http://mydehesa.org
"1441 Montiel Road, Suite 143, 
Suite 143
Escondido, CA  92026",Escondido,Dehesa Elementary,681,0610710,1102,(760) 743-7919,K-12,12036,4,33.129196,-117.11233,Dehesa Charter School,061071010626,https://www.greatschools.org/california/escondido/12036-Dehesa-Charter-School/?s_cid=gsapi,(760) 743-7880,https://www.greatschools.org/school/rating.page?state=CA&id=12036&s_cid=gsapi,https://www.greatschools.org/school/parentReviews.page?state=CA&id=12036&s_cid=gsapi,https://www.greatschools.org/modperl/achievement/CA/12036,CA,charter,www.dehesacharterschool.org
"4612 Dehesa Road, 
El Cajon, CA  92019",El Cajon,Dehesa Elementary,681,0610710,183,(619) 444-2105,K-8,5874,5,32.781555,-116.85039,Dehesa School,061071001188,https://www.greatschools.org/california/el-cajon/5874-Dehesa-School/?s_cid=gsapi,(619) 444-2161,https://www.greatschools.org/school/rating.page?state=CA&id=5874&s_cid=gsapi,https://www.greatschools.org/school/parentReviews.page?state=CA&id=5874&s_cid=gsapi,https://www.greatschools.org/modperl/achievement/CA/5874,CA,public,https://dehesasd.sdcoe.net/
"511 North 2nd Street, 
El Cajon, CA  92021",El Cajon,Julian Union Elementary,690,0619140,657,,K-12,25645,,32.800713,-116.935394,Diego Valley Charter,061914012880,https://www.greatschools.org/california/el-cajon/25645-Diego-Valley-Charter/?s_cid=gsapi,(619) 286-0312,https://www.greatschools.org/school/rating.page?state=CA&id=25645&s_cid=gsapi,https://www.greatschools.org/school/parentReviews.page?state=CA&id=25645&s_cid=gsapi,https://www.greatschools.org/modperl/achievement/CA/25645,CA,charter,
"10380 Spring Canyon Road, 
San Diego, CA  92131",San Diego,San Diego Unified School District,705,0634320,350,,K-8,24790,5,32.765575,-117.16381,Innovations Academy,063432012261,https://www.greatschools.org/california/san-diego/24790-Innovations-Academy/?s_cid=gsapi,(858) 271-1414,https://www.greatschools.org/school/rating.page?state=CA&id=24790&s_cid=gsapi,https://www.greatschools.org/school/parentReviews.page?state=CA&id=24790&s_cid=gsapi,https://www.greatschools.org/modperl/achievement/CA/24790,CA,charter,http://innovationsacademy.org
"1550 Temple Heights Drive, 
Oceanside, CA  92056",Oceanside,Vista Unified School District,714,0641190,674,(760) 631-6240,K-5,12481,4,33.2185,-117.26964,Temple Heights Elementary School,064119011270,https://www.greatschools.org/california/oceanside/12481-Temple-Heights-Elementary-School/?s_cid=gsapi,(760) 631-6242,https://www.greatschools.org/school/rating.page?state=CA&id=12481&s_cid=gsapi,https://www.greatschools.org/school/parentReviews.page?state=CA&id=12481&s_cid=gsapi,https://www.greatschools.org/modperl/achievement/CA/12481,CA,public,www.th.vistausd.org
"13030 Ashley Falls Drive, 
San Diego, CA  92130",San Diego,Del Mar Union Elementary,682,0610740,418,(858) 259-1828,K-6,5875,9,32.957283,-117.20955,Ashley Falls Elementary School,061074007660,https://www.greatschools.org/california/san-diego/5875-Ashley-Falls-Elementary-School/?s_cid=gsapi,(858) 259-7812,https://www.greatschools.org/school/rating.page?state=CA&id=5875&s_cid=gsapi,https://www.greatschools.org/school/parentReviews.page?state=CA&id=5875&s_cid=gsapi,https://www.greatschools.org/modperl/achievement/CA/5875,CA,public,www.dmusd.org/af
"12345 Carmel Park Drive, 
San Diego, CA  92130",San Diego,Del Mar Union Elementary,682,0610740,560,(858) 481-7418,K-6,5876,9,32.9407,-117.22867,Carmel Del Mar Elementary School,061074001171,https://www.greatschools.org/california/san-diego/5876-Carmel-Del-Mar-Elementary-School/?s_cid=gsapi,(858) 481-6789,https://www.greatschools.org/school/rating.page?state=CA&id=5876&s_cid=gsapi,https://www.greatschools.org/school/parentReviews.page?state=CA&id=5876&s_cid=gsapi,https://www.greatschools.org/modperl/achievement/CA/5876,CA,public,www.dmusd.org/cdm
"13555 Boquita Drive, 
Del Mar, CA  92014",Del Mar,Del Mar Union Elementary,682,0610740,443,(858) 509-1412,K-6,5877,9,32.94459,-117.24945,Del Mar Heights Elementary School,061074001189,https://www.greatschools.org/california/del-mar/5877-Del-Mar-Heights-Elementary-School/?s_cid=gsapi,(858) 755-9367,https://www.greatschools.org/school/rating.page?state=CA&id=5877&s_cid=gsapi,https://www.greatschools.org/school/parentReviews.page?state=CA&id=5877&s_cid=gsapi,https://www.greatschools.org/modperl/achievement/CA/5877,CA,public,www.dmusd.org/heights
"14085 Mango Drive, 
Del Mar, CA  92014",Del Mar,Del Mar Union Elementary,682,0610740,335,(858) 755-6107,K-6,5878,9,32.954056,-117.24619,Del Mar Hills Elementary School,061074001190,https://www.greatschools.org/california/del-mar/5878-Del-Mar-Hills-Elementary-School/?s_cid=gsapi,(858) 755-9763,https://www.greatschools.org/school/rating.page?state=CA&id=5878&s_cid=gsapi,https://www.greatschools.org/school/parentReviews.page?state=CA&id=5878&s_cid=gsapi,https://www.greatschools.org/modperl/achievement/CA/5878,CA,public,www.dmusd.org/hills
"16055 Winecreek Road, 
San Diego, CA  92127",San Diego,Poway Unified School District,699,0631530,1361,(858) 487-0991,6-8,14247,9,32.999226,-117.10978,Oak Valley Middle School,063153011134,https://www.greatschools.org/california/san-diego/14247-Oak-Valley-Middle-School/?s_cid=gsapi,(858) 487-2939,https://www.greatschools.org/school/rating.page?state=CA&id=14247&s_cid=gsapi,https://www.greatschools.org/school/parentReviews.page?state=CA&id=14247&s_cid=gsapi,https://www.greatschools.org/modperl/achievement/CA/14247,CA,public,www.powayusd.com/pusdovms
"5290 Harvest Run Drive, 
San Diego, CA  92130",San Diego,Del Mar Union Elementary,682,0610740,710,(858) 481-7949,K-6,11832,10,32.926167,-117.20354,Sage Canyon School,061074008591,https://www.greatschools.org/california/san-diego/11832-Sage-Canyon-School/?s_cid=gsapi,(858) 481-7844,https://www.greatschools.org/school/rating.page?state=CA&id=11832&s_cid=gsapi,https://www.greatschools.org/school/parentReviews.page?state=CA&id=11832&s_cid=gsapi,https://www.greatschools.org/modperl/achievement/CA/11832,CA,public,www.dmusd.org/sage
"10129 Austin Drive, 
Spring Valley, CA  91977",Spring Valley,La Mesa-Spring Valley School District,694,0620250,572,(619) 668-8324,K-6,5978,6,32.730995,-116.97663,Sweetwater Springs Elementary School,062025002634,https://www.greatschools.org/california/spring-valley/5978-Sweetwater-Springs-Elementary-School/?s_cid=gsapi,(619) 668-5895,https://www.greatschools.org/school/rating.page?state=CA&id=5978&s_cid=gsapi,https://www.greatschools.org/school/parentReviews.page?state=CA&id=5978&s_cid=gsapi,https://www.greatschools.org/modperl/achievement/CA/5978,CA,public,
"1691 Elmhurst Street, 
Chula Vista, CA  91913",Chula Vista,Chula Vista Elementary School District,677,0608610,568,(619) 482-3115,K-6,5855,7,32.6448,-116.99101,Tiffany (Burton C.) Elementary School,060861000879,https://www.greatschools.org/california/chula-vista/5855-Tiffany-(Burton-C.)-Elementary-School/?s_cid=gsapi,(619) 421-6300,https://www.greatschools.org/school/rating.page?state=CA&id=5855&s_cid=gsapi,https://www.greatschools.org/school/parentReviews.page?state=CA&id=5855&s_cid=gsapi,https://www.greatschools.org/modperl/achievement/CA/5855,CA,public,http://schools.cvesd.org/schools/tiffany/
"941 Capri Road, 
Encinitas, CA  92024",Encinitas,Encinitas Union Elementary School District,683,0612750,705,(760) 944-4364,K-6,5879,8,33.07609,-117.28847,Capri Elementary School,061275001433,https://www.greatschools.org/california/encinitas/5879-Capri-Elementary-School/?s_cid=gsapi,(760) 944-4360,https://www.greatschools.org/school/rating.page?state=CA&id=5879&s_cid=gsapi,https://www.greatschools.org/school/parentReviews.page?state=CA&id=5879&s_cid=gsapi,https://www.greatschools.org/modperl/achievement/CA/5879,CA,public,www.eusd.k12.ca.us/ca
"1035 East Madison Avenue, 
El Cajon, CA  92021",El Cajon,Grossmont Union High School District,688,0616230,1720,(619) 447-3943,9-12,5923,3,32.800156,-116.94729,El Cajon Valley High School,061623002018,https://www.greatschools.org/california/el-cajon/5923-El-Cajon-Valley-High-School/?s_cid=gsapi,(619) 579-5855,https://www.greatschools.org/school/rating.page?state=CA&id=5923&s_cid=gsapi,https://www.greatschools.org/school/parentReviews.page?state=CA&id=5923&s_cid=gsapi,https://www.greatschools.org/modperl/achievement/CA/5923,CA,public,http://braves.guhsd.net/
"2330 Center Place, 
El Cajon, CA  92020",El Cajon,La Mesa-Spring Valley School District,694,0620250,684,(619) 668-8353,K-6,5960,8,32.80045,-116.99618,Fletcher Hills Elementary School,062025002428,https://www.greatschools.org/california/el-cajon/5960-Fletcher-Hills-Elementary-School/?s_cid=gsapi,(619) 668-5820,https://www.greatschools.org/school/rating.page?state=CA&id=5960&s_cid=gsapi,https://www.greatschools.org/school/parentReviews.page?state=CA&id=5960&s_cid=gsapi,https://www.greatschools.org/modperl/achievement/CA/5960,CA,public,http://www.lmsvsd.k12.ca.us/domain/192
"3115 Las Palmas Avenue, 
Escondido, CA  92025",Escondido,Escondido Union School District,684,0612880,680,(760) 745-9173,PK-5,5894,6,33.08495,-117.05953,L. R. Green Elementary School,061288009538,https://www.greatschools.org/california/escondido/5894-L.-R.-Green-Elementary-School/?s_cid=gsapi,(760) 432-2260,https://www.greatschools.org/school/rating.page?state=CA&id=5894&s_cid=gsapi,https://www.greatschools.org/school/parentReviews.page?state=CA&id=5894&s_cid=gsapi,https://www.greatschools.org/modperl/achievement/CA/5894,CA,public,
"2475 Grand Avenue, 
San Diego, CA  92109",San Diego,San Diego Unified School District,705,0634320,1026,(858) 274-7388,9-12,6205,6,32.79966,-117.22392,Mission Bay High School,063432005522,https://www.greatschools.org/california/san-diego/6205-Mission-Bay-High-School/?s_cid=gsapi,(858) 273-1313,https://www.greatschools.org/school/rating.page?state=CA&id=6205&s_cid=gsapi,https://www.greatschools.org/school/parentReviews.page?state=CA&id=6205&s_cid=gsapi,https://www.greatschools.org/modperl/achievement/CA/6205,CA,public,
"11444 Canter Heights Drive, 
San Diego, CA  92130",San Diego,Del Mar Union Elementary,682,0610740,786,(858) 481-6657,K-6,17442,9,32.9281,-117.2147,Ocean Air School,061074012091,https://www.greatschools.org/california/san-diego/17442-Ocean-Air-School/?s_cid=gsapi,(858) 481-4040,https://www.greatschools.org/school/rating.page?state=CA&id=17442&s_cid=gsapi,https://www.greatschools.org/school/parentReviews.page?state=CA&id=17442&s_cid=gsapi,https://www.greatschools.org/modperl/achievement/CA/17442,CA,public,www.dmusd.org/oceanair
"629 Plum Street, 
Novato, CA  94945",Novato,Novato Unified School District,434,0627720,337,(415) 897-0931,K-5,3456,5,38.109264,-122.55615,Olive Elementary School,062772004192,https://www.greatschools.org/california/novato/3456-Olive-Elementary-School/?s_cid=gsapi,(415) 897-2131,https://www.greatschools.org/school/rating.page?state=CA&id=3456&s_cid=gsapi,https://www.greatschools.org/school/parentReviews.page?state=CA&id=3456&s_cid=gsapi,https://www.greatschools.org/modperl/achievement/CA/3456,CA,public,www.nusd.org
"5816 Alleghany Street, 
San Diego, CA  92139",San Diego,San Diego Unified School District,705,0634320,299,(619) 472-8889,K-5,6218,5,32.680244,-117.06647,Paradise Hills Elementary School,063432005533,https://www.greatschools.org/california/san-diego/6218-Paradise-Hills-Elementary-School/?s_cid=gsapi,(619) 344-5200,https://www.greatschools.org/school/rating.page?state=CA&id=6218&s_cid=gsapi,https://www.greatschools.org/school/parentReviews.page?state=CA&id=6218&s_cid=gsapi,https://www.greatschools.org/modperl/achievement/CA/6218,CA,public,http://www.sandi.net/paradisehills
"5256 South Mission Road, 
Bonsall, CA  92003",Bonsall,Bonsall Unified,1553,0601426,0,(800) 897-7558,K-12,32182,,33.29541,-117.22226,Pathways Academy Charter,,https://www.greatschools.org/california/bonsall/32182-Pathways-Academy-Charter/?s_cid=gsapi,(858) 610-1102,https://www.greatschools.org/school/rating.page?state=CA&id=32182&s_cid=gsapi,https://www.greatschools.org/school/parentReviews.page?state=CA&id=32182&s_cid=gsapi,https://www.greatschools.org/modperl/achievement/CA/32182,CA,charter,www.pathwaysacademy.org
"3003 Bear Valley Parkway, 
Escondido, CA  92025",Escondido,Escondido Union School District,684,0612880,1098,(760) 504-0158,6-8,14400,5,33.0856,-117.05802,Bear Valley Middle School,061288011128,https://www.greatschools.org/california/escondido/14400-Bear-Valley-Middle-School/?s_cid=gsapi,(760) 432-4060,https://www.greatschools.org/school/rating.page?state=CA&id=14400&s_cid=gsapi,https://www.greatschools.org/school/parentReviews.page?state=CA&id=14400&s_cid=gsapi,https://www.greatschools.org/modperl/achievement/CA/14400,CA,public,http://www.eusd.org/
"1122 Mountain Heights Drive, 
Escondido, CA  92029",Escondido,Escondido Union School District,684,0612880,567,(760) 432-2720,K-5,14621,7,33.084736,-117.09137,Bernardo Elementary School,061288011131,https://www.greatschools.org/california/escondido/14621-Bernardo-Elementary-School/?s_cid=gsapi,(760) 432-2700,https://www.greatschools.org/school/rating.page?state=CA&id=14621&s_cid=gsapi,https://www.greatschools.org/school/parentReviews.page?state=CA&id=14621&s_cid=gsapi,https://www.greatschools.org/modperl/achievement/CA/14621,CA,public,https://eusd.org/bernardo/
"4063 Polk Avenue, 
San Diego, CA  92105",San Diego,San Diego Unified School District,705,0634320,784,(619) 281-1732,K-5,6114,3,32.75087,-117.10717,Central Elementary School,063432005431,https://www.greatschools.org/california/san-diego/6114-Central-Elementary-School/?s_cid=gsapi,(619) 344-6100,https://www.greatschools.org/school/rating.page?state=CA&id=6114&s_cid=gsapi,https://www.greatschools.org/school/parentReviews.page?state=CA&id=6114&s_cid=gsapi,https://www.greatschools.org/modperl/achievement/CA/6114,CA,public,https://www.sandiegounified.org/
"2950 South Bear Valley Parkway, 
Escondido, CA  92025",Escondido,Escondido Union School District,684,0612880,1236,(760) 739-8289,K-8,12038,7,33.0844,-117.0555,Classical Academy,061288008300,https://www.greatschools.org/california/escondido/12038-Classical-Academy/?s_cid=gsapi,(760) 546-0101,https://www.greatschools.org/school/rating.page?state=CA&id=12038&s_cid=gsapi,https://www.greatschools.org/school/parentReviews.page?state=CA&id=12038&s_cid=gsapi,https://www.greatschools.org/modperl/achievement/CA/12038,CA,charter,www.classicalacademy.com
"1325 Conway Drive, 
Escondido, CA  92027",Escondido,Escondido Union School District,684,0612880,693,(760) 480-4312,K-5,5889,3,33.146313,-117.07395,Conway Elementary School,061288001452,https://www.greatschools.org/california/escondido/5889-Conway-Elementary-School/?s_cid=gsapi,(760) 432-2435,https://www.greatschools.org/school/rating.page?state=CA&id=5889&s_cid=gsapi,https://www.greatschools.org/school/parentReviews.page?state=CA&id=5889&s_cid=gsapi,https://www.greatschools.org/modperl/achievement/CA/5889,CA,public,http://www.eusd4kids.org/
"1400 West Ninth Avenue, 
Escondido, CA  92025",Escondido,Escondido Union School District,684,0612880,859,(760) 432-0728,6-8,5890,3,33.10857,-117.09426,Del Dios Middle School,061288001453,https://www.greatschools.org/california/escondido/5890-Del-Dios-Middle-School/?s_cid=gsapi,(760) 432-2439,https://www.greatschools.org/school/rating.page?state=CA&id=5890&s_cid=gsapi,https://www.greatschools.org/school/parentReviews.page?state=CA&id=5890&s_cid=gsapi,https://www.greatschools.org/modperl/achievement/CA/5890,CA,public,
"6134 Benson Avenue, 
San Diego, CA  92114",San Diego,San Diego Unified School District,705,0634320,270,,K-8,31084,2,32.705696,-117.065,Epiphany Prep Charter,063432013053,https://www.greatschools.org/california/san-diego/31084-Epiphany-Prep-Charter/?s_cid=gsapi,(619) 766-2180,https://www.greatschools.org/school/rating.page?state=CA&id=31084&s_cid=gsapi,https://www.greatschools.org/school/parentReviews.page?state=CA&id=31084&s_cid=gsapi,https://www.greatschools.org/modperl/achievement/CA/31084,CA,charter,http://www.epiphanyprep.org/
"4880 La Cuenta Drive, 
San Diego, CA  92124",San Diego,San Diego Unified School District,705,0634320,436,(858) 576-0931,6-8,6139,7,32.81975,-117.09992,Farb Middle School,063432005456,https://www.greatschools.org/california/san-diego/6139-Farb-Middle-School/?s_cid=gsapi,(858) 397-6750,https://www.greatschools.org/school/rating.page?state=CA&id=6139&s_cid=gsapi,https://www.greatschools.org/school/parentReviews.page?state=CA&id=6139&s_cid=gsapi,https://www.greatschools.org/modperl/achievement/CA/6139,CA,public,https://www.sandiegounified.org/schools/farb
"670 Flower Street, 
Chula Vista, CA  91910",Chula Vista,Chula Vista Elementary School District,677,0608610,1157,(619) 422-4780,K-8,5833,7,32.64225,-117.09688,Feaster (Mae L.) Charter School,060861000858,https://www.greatschools.org/california/chula-vista/5833-Feaster-(Mae-L.)-Charter-School/?s_cid=gsapi,(619) 422-8397,https://www.greatschools.org/school/rating.page?state=CA&id=5833&s_cid=gsapi,https://www.greatschools.org/school/parentReviews.page?state=CA&id=5833&s_cid=gsapi,https://www.greatschools.org/modperl/achievement/CA/5833,CA,charter,http://schools.cvesd.org/schools/feaster/
"1777 Howard Avenue, 
San Ysidro, CA  92173",San Ysidro,South Bay Union Elementary,703,0637380,837,(619) 428-7180,K-6,6081,3,32.564247,-117.06665,George Nicoloff Elementary School,063738006322,https://www.greatschools.org/california/san-ysidro/6081-George-Nicoloff-Elementary-School/?s_cid=gsapi,(619) 428-7100,https://www.greatschools.org/school/rating.page?state=CA&id=6081&s_cid=gsapi,https://www.greatschools.org/school/parentReviews.page?state=CA&id=6081&s_cid=gsapi,https://www.greatschools.org/modperl/achievement/CA/6081,CA,public,http://nicoloff.sbusd.org/
"1855 East Valley Parkway, 
Escondido, CA  92027",Escondido,Escondido Union School District,684,0612880,602,(760) 737-9322,K-8,12440,8,33.136253,-117.05446,Heritage K-8 Charter School,061288011228,https://www.greatschools.org/california/escondido/12440-Heritage-K-8-Charter-School/?s_cid=gsapi,(760) 737-3111,https://www.greatschools.org/school/rating.page?state=CA&id=12440&s_cid=gsapi,https://www.greatschools.org/school/parentReviews.page?state=CA&id=12440&s_cid=gsapi,https://www.greatschools.org/modperl/achievement/CA/12440,CA,charter,
"13306 Fourth Street, Area A, 
Area A
Hickman, CA  95323",Hickman,Hickman Community Charter,883,0617160,305,(209) 874-3721,K-5,7229,8,37.620792,-120.74942,Hickman Elementary School,061716002171,https://www.greatschools.org/california/hickman/7229-Hickman-Elementary-School/?s_cid=gsapi,(209) 874-1816,https://www.greatschools.org/school/rating.page?state=CA&id=7229&s_cid=gsapi,https://www.greatschools.org/school/parentReviews.page?state=CA&id=7229&s_cid=gsapi,https://www.greatschools.org/modperl/achievement/CA/7229,CA,charter,http://hes.hickmanschools.org
"1656 Highway 78, 
Julian, CA  92036",Julian,Julian Union High,691,0619110,153,(760) 765-2926,9-12,5938,6,33.07753,-116.59452,Julian High School,061911002305,https://www.greatschools.org/california/julian/5938-Julian-High-School/?s_cid=gsapi,(760) 765-0606,https://www.greatschools.org/school/rating.page?state=CA&id=5938&s_cid=gsapi,https://www.greatschools.org/school/parentReviews.page?state=CA&id=5938&s_cid=gsapi,https://www.greatschools.org/modperl/achievement/CA/5938,CA,public,www.juhsd.org
"1098 South 49th Street, 
San Diego, CA  92113",San Diego,,0,,580,,6-8,25642,1,32.695793,-117.0907,Knox Middle,063432012892,https://www.greatschools.org/california/san-diego/25642-Knox-Middle/?s_cid=gsapi,(619) 344-5500,https://www.greatschools.org/school/rating.page?state=CA&id=25642&s_cid=gsapi,https://www.greatschools.org/school/parentReviews.page?state=CA&id=25642&s_cid=gsapi,https://www.greatschools.org/modperl/achievement/CA/25642,CA,public,
"30109 Lilac Road, 
Valley Center, CA  92082",Valley Center,Valley Center-Pauma Unified,1050,0600069,610,(760) 751-7407,K-6,12421,4,33.257683,-117.06849,Lilac School,060006911158,https://www.greatschools.org/california/valley-center/12421-Lilac-School/?s_cid=gsapi,(760) 751-1042,https://www.greatschools.org/school/rating.page?state=CA&id=12421&s_cid=gsapi,https://www.greatschools.org/school/parentReviews.page?state=CA&id=12421&s_cid=gsapi,https://www.greatschools.org/modperl/achievement/CA/12421,CA,public,http://lilac.vcpusd.net
"11440 Davis Street, 
Moreno Valley, CA  92557",Moreno Valley,Moreno Valley Unified School District,525,0625800,685,(951) 571-4615,K-5,4381,2,33.955135,-117.23951,Midland Elementary School,062580003866,https://www.greatschools.org/california/moreno-valley/4381-Midland-Elementary-School/?s_cid=gsapi,(951) 571-4610,https://www.greatschools.org/school/rating.page?state=CA&id=4381&s_cid=gsapi,https://www.greatschools.org/school/parentReviews.page?state=CA&id=4381&s_cid=gsapi,https://www.greatschools.org/modperl/achievement/CA/4381,CA,public,http://midlandthunderbirds.net
"1 Mission Hills Court, 
San Marcos, CA  92069",San Marcos,San Marcos Unified School District,706,0634880,2530,(760) 290-2680 x7602902685,9-12,13848,8,33.144825,-117.14321,Mission Hills High School,063488011404,https://www.greatschools.org/california/san-marcos/13848-Mission-Hills-High-School/?s_cid=gsapi,(760) 290-2700,https://www.greatschools.org/school/rating.page?state=CA&id=13848&s_cid=gsapi,https://www.greatschools.org/school/parentReviews.page?state=CA&id=13848&s_cid=gsapi,https://www.greatschools.org/modperl/achievement/CA/13848,CA,public,www.smusd.org
"3750 Ward Road, 
San Diego, CA  92116",San Diego,San Diego Unified School District,705,0634320,316,(619) 584-6090,K-5,16971,4,32.76111,-117.11376,Normal Heights Elementary School,063432011765,https://www.greatschools.org/california/san-diego/16971-Normal-Heights-Elementary-School/?s_cid=gsapi,(619) 584-6000,https://www.greatschools.org/school/rating.page?state=CA&id=16971&s_cid=gsapi,https://www.greatschools.org/school/parentReviews.page?state=CA&id=16971&s_cid=gsapi,https://www.greatschools.org/modperl/achievement/CA/16971,CA,public,https://www.sandiegounified.org/schools/normal-heights
"675 Balour Drive, 
Encinitas, CA  92024",Encinitas,San Dieguito Union High,704,0634380,852,(760) 942-0520,7-8,6088,9,33.04214,-117.26837,Oak Crest Middle School,063438005576,https://www.greatschools.org/california/encinitas/6088-Oak-Crest-Middle-School/?s_cid=gsapi,(760) 753-6241,https://www.greatschools.org/school/rating.page?state=CA&id=6088&s_cid=gsapi,https://www.greatschools.org/school/parentReviews.page?state=CA&id=6088&s_cid=gsapi,https://www.greatschools.org/modperl/achievement/CA/6088,CA,public,http://oc.sduhsd.net/
"1311 Tenth Street, 
Imperial Beach, CA  91932",Imperial Beach,South Bay Union Elementary,703,0637380,563,(619) 628-8680,K-6,6082,5,32.572712,-117.11219,Oneonta Elementary School,063738006323,https://www.greatschools.org/california/imperial-beach/6082-Oneonta-Elementary-School/?s_cid=gsapi,(619) 628-8600,https://www.greatschools.org/school/rating.page?state=CA&id=6082&s_cid=gsapi,https://www.greatschools.org/school/parentReviews.page?state=CA&id=6082&s_cid=gsapi,https://www.greatschools.org/modperl/achievement/CA/6082,CA,public,
"8204 San Carlos Drive, 
San Diego, CA  92119",San Diego,San Diego Unified School District,705,0634320,701,(619) 461-5447,6-8,6223,7,32.80233,-117.02029,Pershing Middle School,063432005536,https://www.greatschools.org/california/san-diego/6223-Pershing-Middle-School/?s_cid=gsapi,(619) 465-3234,https://www.greatschools.org/school/rating.page?state=CA&id=6223&s_cid=gsapi,https://www.greatschools.org/school/parentReviews.page?state=CA&id=6223&s_cid=gsapi,https://www.greatschools.org/modperl/achievement/CA/6223,CA,public,https://www.sandiegounified.org/schools/pershing
"9500 Gilman Drive, 
MC 0536
La Jolla, CA  92093",La Jolla,San Diego Unified School District,705,0634320,846,(858) 658-0988,6-12,11112,9,32.87529,-117.23961,Preuss School Ucsd,063432008303,https://www.greatschools.org/california/la-jolla/11112-Preuss-School-Ucsd/?s_cid=gsapi,(858) 658-7404,https://www.greatschools.org/school/rating.page?state=CA&id=11112&s_cid=gsapi,https://www.greatschools.org/school/parentReviews.page?state=CA&id=11112&s_cid=gsapi,https://www.greatschools.org/modperl/achievement/CA/11112,CA,charter,http://preuss.ucsd.edu
"2245 Foothill Drive, 
Vista, CA  92084",Vista,Vista Unified School District,714,0641190,835,(760) 643-2490,6-8,6321,2,33.20477,-117.20518,Rancho Minerva Middle School,064119006819,https://www.greatschools.org/california/vista/6321-Rancho-Minerva-Middle-School/?s_cid=gsapi,(760) 631-4500,https://www.greatschools.org/school/rating.page?state=CA&id=6321&s_cid=gsapi,https://www.greatschools.org/school/parentReviews.page?state=CA&id=6321&s_cid=gsapi,https://www.greatschools.org/modperl/achievement/CA/6321,CA,public,www.rmms.vistausd.org
"915 Fourth Avenue, 
Chula Vista, CA  91911",Chula Vista,Chula Vista Elementary School District,677,0608610,636,(619) 420-6124,K-6,5849,6,32.619125,-117.07572,Rice (Lilian J.) Elementary School,060861000873,https://www.greatschools.org/california/chula-vista/5849-Rice-(Lilian-J.)-Elementary-School/?s_cid=gsapi,(619) 420-7071,https://www.greatschools.org/school/rating.page?state=CA&id=5849&s_cid=gsapi,https://www.greatschools.org/school/parentReviews.page?state=CA&id=5849&s_cid=gsapi,https://www.greatschools.org/modperl/achievement/CA/5849,CA,public,http://schools.cvesd.org/schools/rice/
"9707 1/2 Marilla Drive, 
Lakeside, CA  92040",Lakeside,Lakeside Union Elementary School District,692,0620790,274,(619) 390-2581,7-12,11105,9,32.853138,-116.94069,River Valley Charter School,062079007308,https://www.greatschools.org/california/lakeside/11105-River-Valley-Charter-School/?s_cid=gsapi,(619) 390-2579,https://www.greatschools.org/school/rating.page?state=CA&id=11105&s_cid=gsapi,https://www.greatschools.org/school/parentReviews.page?state=CA&id=11105&s_cid=gsapi,https://www.greatschools.org/modperl/achievement/CA/11105,CA,charter,www.rivervalleyhigh.org
"1926 E. 19th Street, Oakland CA 94606, 
Oakland, CA  94606",Oakland,Oakland Unified School District,14,0628050,550,(510) 535-2883,6-8,254,3,37.78971,-122.23796,Roosevelt Middle School,062805004312,https://www.greatschools.org/california/oakland/254-Roosevelt-Middle-School/?s_cid=gsapi,(510) 535-2877,https://www.greatschools.org/school/rating.page?state=CA&id=254&s_cid=gsapi,https://www.greatschools.org/school/parentReviews.page?state=CA&id=254&s_cid=gsapi,https://www.greatschools.org/modperl/achievement/CA/254,CA,public,http://www.rooseveltbulldogs.org
"207 East Pennslyvania Avenue , 
Escondido, CA  92025",Escondido,Escondido Union High,685,0612910,900,(760) 480-8118,9-12,17083,9,33.12443,-117.08017,Classical Academy High School,061291011756,https://www.greatschools.org/california/escondido/17083-Classical-Academy-High-School/?s_cid=gsapi,(760) 480-9845,https://www.greatschools.org/school/rating.page?state=CA&id=17083&s_cid=gsapi,https://www.greatschools.org/school/parentReviews.page?state=CA&id=17083&s_cid=gsapi,https://www.greatschools.org/modperl/achievement/CA/17083,CA,charter,http://www.classicalacademy.com
"1740 Scenic Trail Way, 
Escondido, CA  92029",Escondido,Escondido Union High,685,0612910,512,,9-12,31095,7,33.098263,-117.103775,Del Lago Academy - Campus Of Applied Science,061291013061,https://www.greatschools.org/california/escondido/31095-Del-Lago-Academy---Campus-Of-Applied-Science/?s_cid=gsapi,(760) 291-2500,https://www.greatschools.org/school/rating.page?state=CA&id=31095&s_cid=gsapi,https://www.greatschools.org/school/parentReviews.page?state=CA&id=31095&s_cid=gsapi,https://www.greatschools.org/modperl/achievement/CA/31095,CA,public,www.dellagoacademy.org/
"4774 East Yale Avenue, 
Fresno, CA  93703",Fresno,Fresno Unified School District,99,0614550,735,(559) 452-8834,K-6,818,3,36.7704,-119.73799,Ericson Elementary School,061455001724,https://www.greatschools.org/california/fresno/818-Ericson-Elementary-School/?s_cid=gsapi,(559) 253-6450,https://www.greatschools.org/school/rating.page?state=CA&id=818&s_cid=gsapi,https://www.greatschools.org/school/parentReviews.page?state=CA&id=818&s_cid=gsapi,https://www.greatschools.org/modperl/achievement/CA/818,CA,public,http://www.fresno.k12.ca.us
"1868 East Valley Parkway, 
Escondido, CA  92027",Escondido,Escondido Union High,685,0612910,880,(760) 738-8996,9-12,5906,7,33.136547,-117.05505,Escondido Charter High School,061291006493,https://www.greatschools.org/california/escondido/5906-Escondido-Charter-High-School/?s_cid=gsapi,(760) 737-3154,https://www.greatschools.org/school/rating.page?state=CA&id=5906&s_cid=gsapi,https://www.greatschools.org/school/parentReviews.page?state=CA&id=5906&s_cid=gsapi,https://www.greatschools.org/modperl/achievement/CA/5906,CA,charter,http://escondidocharter.org/tcp/
"467 Moss Street, 
Chula Vista, CA  91911",Chula Vista,Sweetwater Union High School District,710,0638640,226,(619) 420-5663,7-12,11121,2,32.615284,-117.07697,Options Secondary School,063864007709,https://www.greatschools.org/california/chula-vista/11121-Options-Secondary-School/?s_cid=gsapi,(619) 796-7320,https://www.greatschools.org/school/rating.page?state=CA&id=11121&s_cid=gsapi,https://www.greatschools.org/school/parentReviews.page?state=CA&id=11121&s_cid=gsapi,https://www.greatschools.org/modperl/achievement/CA/11121,CA,public,http://oss.sweetwaterschools.org/
"3300 Bear Valley Parkway, 
Escondido, CA  92025",Escondido,Escondido Union High,685,0612910,2237,(760) 739-7315,9-12,5909,8,33.077717,-117.05727,San Pasqual High School,061291001467,https://www.greatschools.org/california/escondido/5909-San-Pasqual-High-School/?s_cid=gsapi,(760) 291-6000,https://www.greatschools.org/school/rating.page?state=CA&id=5909&s_cid=gsapi,https://www.greatschools.org/school/parentReviews.page?state=CA&id=5909&s_cid=gsapi,https://www.greatschools.org/modperl/achievement/CA/5909,CA,public,www.sphseagles.com
"2400 South Stage Coach Lane, 
Fallbrook, CA  92028",Fallbrook,Fallbrook Union High,687,0613530,2183,(760) 723-6343,9-12,5920,5,33.348522,-117.24181,Fallbrook High School,061353001545,https://www.greatschools.org/california/fallbrook/5920-Fallbrook-High-School/?s_cid=gsapi,(760) 723-6300,https://www.greatschools.org/school/rating.page?state=CA&id=5920&s_cid=gsapi,https://www.greatschools.org/school/parentReviews.page?state=CA&id=5920&s_cid=gsapi,https://www.greatschools.org/modperl/achievement/CA/5920,CA,public,www.fallbrookhs.org 
"400 West Elder Street, 
Fallbrook, CA  92028",Fallbrook,Fallbrook Union Elementary School District,686,0613500,315,(760) 723-5294,K-9,5913,9,33.38028,-117.253975,Fallbrook Homeschool Academy (FHA),061350007305,https://www.greatschools.org/california/fallbrook/5913-Fallbrook-Homeschool-Academy-(FHA)/?s_cid=gsapi,(760) 731-5440,https://www.greatschools.org/school/rating.page?state=CA&id=5913&s_cid=gsapi,https://www.greatschools.org/school/parentReviews.page?state=CA&id=5913&s_cid=gsapi,https://www.greatschools.org/modperl/achievement/CA/5913,CA,public,
"2962 Jamul Drive, 
El Cajon, CA  92019",El Cajon,Cajon Valley Union School District,676,0606810,568,(619) 588-3682,K-5,5813,6,32.740116,-116.91222,Jamacha Elementary School,060681001165,https://www.greatschools.org/california/el-cajon/5813-Jamacha-Elementary-School/?s_cid=gsapi,(619) 441-6150,https://www.greatschools.org/school/rating.page?state=CA&id=5813&s_cid=gsapi,https://www.greatschools.org/school/parentReviews.page?state=CA&id=5813&s_cid=gsapi,https://www.greatschools.org/modperl/achievement/CA/5813,CA,public,http://www.cajonvalley.net/jamacha
"4370 Parks Avenue, 
La Mesa, CA  91941",La Mesa,La Mesa-Spring Valley School District,694,0620250,468,(619) 668-8352,K-6,5963,7,32.757675,-117.03212,La Mesa Dale Elementary School,062025002431,https://www.greatschools.org/california/la-mesa/5963-La-Mesa-Dale-Elementary-School/?s_cid=gsapi,(619) 668-5740,https://www.greatschools.org/school/rating.page?state=CA&id=5963&s_cid=gsapi,https://www.greatschools.org/school/parentReviews.page?state=CA&id=5963&s_cid=gsapi,https://www.greatschools.org/modperl/achievement/CA/5963,CA,public,http://www.lmsvsd.k12.ca.us/lamesadale
"12824 Lakeshore Drive, 
Lakeside, CA  92040",Lakeside,Lakeside Union Elementary School District,692,0620790,566,(619) 390-2551,K-5,5945,4,32.859905,-116.91384,Lindo Park Elementary School,062079002496,https://www.greatschools.org/california/lakeside/5945-Lindo-Park-Elementary-School/?s_cid=gsapi,(619) 390-2656,https://www.greatschools.org/school/rating.page?state=CA&id=5945&s_cid=gsapi,https://www.greatschools.org/school/parentReviews.page?state=CA&id=5945&s_cid=gsapi,https://www.greatschools.org/modperl/achievement/CA/5945,CA,public,www.lsusd.net
"1905 Magnolia Avenue, 
Carlsbad, CA  92008",Carlsbad,Carlsbad Unified School District,680,0607500,476,(760) 720-3879,K-5,5871,10,33.160103,-117.32672,Magnolia Elementary School,060750000713,https://www.greatschools.org/california/carlsbad/5871-Magnolia-Elementary-School/?s_cid=gsapi,(760) 331-5600,https://www.greatschools.org/school/rating.page?state=CA&id=5871&s_cid=gsapi,https://www.greatschools.org/school/parentReviews.page?state=CA&id=5871&s_cid=gsapi,https://www.greatschools.org/modperl/achievement/CA/5871,CA,public,www.carlsbadusd.k12.ca.us
"26890 Holly Hill Avenue, 
Hayward, CA  94545",Hayward,Hayward Unified School District,9,0616740,829,(510) 781-6129,7-8,124,6,37.63588,-122.09128,"Martin Luther King, Jr. Middle School",061674002107,"https://www.greatschools.org/california/hayward/124-Martin-Luther-King,-Jr.-Middle-School/?s_cid=gsapi",(510) 723-3120,https://www.greatschools.org/school/rating.page?state=CA&id=124&s_cid=gsapi,https://www.greatschools.org/school/parentReviews.page?state=CA&id=124&s_cid=gsapi,https://www.greatschools.org/modperl/achievement/CA/124,CA,public,
"200 Pate Road, 
San Clemente, CA  92672",San Clemente,Fallbrook Union Elementary School District,686,0613500,643,(760) 430-1077,K-8,5919,9,33.390434,-117.57874,San Onofre Elementary School,061350001544,https://www.greatschools.org/california/san-clemente/5919-San-Onofre-Elementary-School/?s_cid=gsapi,(760) 731-4360,https://www.greatschools.org/school/rating.page?state=CA&id=5919&s_cid=gsapi,https://www.greatschools.org/school/parentReviews.page?state=CA&id=5919&s_cid=gsapi,https://www.greatschools.org/modperl/achievement/CA/5919,CA,public,http://www.fuesd.k12.ca.us/Domain/340
"9444 Caywood Drive, 
Stockton, CA  95210",Stockton,Lodi Unified School District,752,0622230,585,(209) 953-8337,PK-6,6584,4,38.03612,-121.28806,Westwood Elementary School,062223010315,https://www.greatschools.org/california/stockton/6584-Westwood-Elementary-School/?s_cid=gsapi,(209) 953-8333,https://www.greatschools.org/school/rating.page?state=CA&id=6584&s_cid=gsapi,https://www.greatschools.org/school/parentReviews.page?state=CA&id=6584&s_cid=gsapi,https://www.greatschools.org/modperl/achievement/CA/6584,CA,public,http://westwood.lodiusd.net/
"6785 Imperial Avenue, 
San Diego, CA  92114",San Diego,San Diego Unified School District,705,0634320,164,,K-6,25644,2,32.715355,-117.07926,Evangeline Roberts Institute Of Learning,063432012560,https://www.greatschools.org/california/san-diego/25644-Evangeline-Roberts-Institute-Of-Learning/?s_cid=gsapi,(619) 674-6019,https://www.greatschools.org/school/rating.page?state=CA&id=25644&s_cid=gsapi,https://www.greatschools.org/school/parentReviews.page?state=CA&id=25644&s_cid=gsapi,https://www.greatschools.org/modperl/achievement/CA/25644,CA,charter,
"14200 Live Oak Avenue, 
Fontana, CA  92337",Fontana,Fontana Unified,604,0613920,529,(909) 357-5699,K-5,5098,4,34.03507,-117.49525,Oak Park Elementary School,061392009545,https://www.greatschools.org/california/fontana/5098-Oak-Park-Elementary-School/?s_cid=gsapi,(909) 357-5690,https://www.greatschools.org/school/rating.page?state=CA&id=5098&s_cid=gsapi,https://www.greatschools.org/school/parentReviews.page?state=CA&id=5098&s_cid=gsapi,https://www.greatschools.org/modperl/achievement/CA/5098,CA,public,www.fusd.net
"851 South Johnson Avenue, 
El Cajon, CA  92020",El Cajon,Cajon Valley Union School District,676,0606810,171,(619) 401-4151,6-8,25114,8,32.780354,-116.96007,Eje Middle Academy,060681012409,https://www.greatschools.org/california/el-cajon/25114-Eje-Middle-Academy/?s_cid=gsapi,(619) 401-4150,https://www.greatschools.org/school/rating.page?state=CA&id=25114&s_cid=gsapi,https://www.greatschools.org/school/parentReviews.page?state=CA&id=25114&s_cid=gsapi,https://www.greatschools.org/modperl/achievement/CA/25114,CA,charter,www.ejeacademies.org
"400 Rancho Del Oro Drive, 
Oceanside, CA  92057",Oceanside,Oceanside Unified School District,697,0628250,3076,(760) 757-5321,9-12,6002,7,33.21959,-117.31913,El Camino High School,062825004360,https://www.greatschools.org/california/oceanside/6002-El-Camino-High-School/?s_cid=gsapi,(760) 901-8000,https://www.greatschools.org/school/rating.page?state=CA&id=6002&s_cid=gsapi,https://www.greatschools.org/school/parentReviews.page?state=CA&id=6002&s_cid=gsapi,https://www.greatschools.org/modperl/achievement/CA/6002,CA,public,http://echs.oside.us/
"2101 Granger Avenue, 
National City, CA  91950",National City,Sweetwater Union High School District,710,0638640,921,(619) 267-4107,7-9,6285,4,32.67261,-117.07387,Granger Junior High School,063864006482,https://www.greatschools.org/california/national-city/6285-Granger-Junior-High-School/?s_cid=gsapi,(619) 472-6000,https://www.greatschools.org/school/rating.page?state=CA&id=6285&s_cid=gsapi,https://www.greatschools.org/school/parentReviews.page?state=CA&id=6285&s_cid=gsapi,https://www.greatschools.org/modperl/achievement/CA/6285,CA,public,www.sweetwaterschools.org/
"1109 Pacheco Road, 
Bakersfield, CA  93307",Bakersfield,Greenfield Union,215,0616050,940,(661) 832-7431,6-8,1262,4,35.310345,-119.01477,Greenfield Middle School,061605002005,https://www.greatschools.org/california/bakersfield/1262-Greenfield-Middle-School/?s_cid=gsapi,(661) 837-6110,https://www.greatschools.org/school/rating.page?state=CA&id=1262&s_cid=gsapi,https://www.greatschools.org/school/parentReviews.page?state=CA&id=1262&s_cid=gsapi,https://www.greatschools.org/modperl/achievement/CA/1262,CA,public,http://gms.gfusd.net/
"1100 Murray Drive, 
La Mesa, CA  91944",La Mesa,Grossmont Union High School District,688,0616230,2394,(619) 463-7108,9-12,5926,6,32.78067,-116.98498,Grossmont High School,061623002022,https://www.greatschools.org/california/la-mesa/5926-Grossmont-High-School/?s_cid=gsapi,(619) 668-6000,https://www.greatschools.org/school/rating.page?state=CA&id=5926&s_cid=gsapi,https://www.greatschools.org/school/parentReviews.page?state=CA&id=5926&s_cid=gsapi,https://www.greatschools.org/modperl/achievement/CA/5926,CA,public,http://grossmont.guhsd.net/
"930 East Palomar, 
Chula Vista, CA  91913",Chula Vista,Chula Vista Elementary School District,677,0608610,1097,(619) 397-7174,K-6,12451,9,32.61777,-117.01408,Hedenkamp (Anne And William) Elementary School,060861011227,https://www.greatschools.org/california/chula-vista/12451-Hedenkamp-(Anne-And-William)-Elementary-School/?s_cid=gsapi,(619) 397-5828,https://www.greatschools.org/school/rating.page?state=CA&id=12451&s_cid=gsapi,https://www.greatschools.org/school/parentReviews.page?state=CA&id=12451&s_cid=gsapi,https://www.greatschools.org/modperl/achievement/CA/12451,CA,public,http://schools.cvesd.org/schools/hedenkamp/
"877 Via Tonga Court, 
San Diego, CA  92154",San Diego,South Bay Union Elementary,703,0637380,671,(619) 662-8180,K-6,6083,3,32.578407,-117.06233,Howard Pence Elementary School,063738006324,https://www.greatschools.org/california/san-diego/6083-Howard-Pence-Elementary-School/?s_cid=gsapi,(619) 662-8100,https://www.greatschools.org/school/rating.page?state=CA&id=6083&s_cid=gsapi,https://www.greatschools.org/school/parentReviews.page?state=CA&id=6083&s_cid=gsapi,https://www.greatschools.org/modperl/achievement/CA/6083,CA,public,http://www.cde.ca.gov/re/sd/details.asp?cds=37683956094973&Public=Y
"1306 Melrose Drive, 
Oceanside, CA  92057",Oceanside,Vista Unified School District,714,0641190,1569,(760) 940-0719,9-12,25014,9,33.25164,-117.26502,Mission Vista High School,064119012341,https://www.greatschools.org/california/oceanside/25014-Mission-Vista-High-School/?s_cid=gsapi,(760) 758-6800,https://www.greatschools.org/school/rating.page?state=CA&id=25014&s_cid=gsapi,https://www.greatschools.org/school/parentReviews.page?state=CA&id=25014&s_cid=gsapi,https://www.greatschools.org/modperl/achievement/CA/25014,CA,public,www.mvhs.vistausd.org
"10925 Morning Creek Drive, South, 
South
San Diego, CA  92128",San Diego,Poway Unified School District,699,0631530,823,(858) 748-8672,K-5,6038,8,32.953274,-117.09554,Morning Creek Elementary School,063153010006,https://www.greatschools.org/california/san-diego/6038-Morning-Creek-Elementary-School/?s_cid=gsapi,(858) 748-4334,https://www.greatschools.org/school/rating.page?state=CA&id=6038&s_cid=gsapi,https://www.greatschools.org/school/parentReviews.page?state=CA&id=6038&s_cid=gsapi,https://www.greatschools.org/modperl/achievement/CA/6038,CA,public,www.powayusd.com/pusdmces
"9915 North Magnolia Avenue, 
Santee, CA  92071",Santee,Grossmont Union High School District,688,0616230,1509,(619) 449-3119,9-12,5930,7,32.85728,-116.97101,Santana High School,061623002026,https://www.greatschools.org/california/santee/5930-Santana-High-School/?s_cid=gsapi,(619) 956-0211,https://www.greatschools.org/school/rating.page?state=CA&id=5930&s_cid=gsapi,https://www.greatschools.org/school/parentReviews.page?state=CA&id=5930&s_cid=gsapi,https://www.greatschools.org/modperl/achievement/CA/5930,CA,public,http://sultans.guhsd.net/
"3900 Conrad Drive, 
Spring Valley, CA  91977",Spring Valley,La Mesa-Spring Valley School District,694,0620250,506,(619) 668-8302,7-8,5977,4,32.750404,-116.98965,Spring Valley Middle School,062025002445,https://www.greatschools.org/california/spring-valley/5977-Spring-Valley-Middle-School/?s_cid=gsapi,(619) 668-5750,https://www.greatschools.org/school/rating.page?state=CA&id=5977&s_cid=gsapi,https://www.greatschools.org/school/parentReviews.page?state=CA&id=5977&s_cid=gsapi,https://www.greatschools.org/modperl/achievement/CA/5977,CA,public,
"840 14th Street San Diego 92101, 
San Diego, CA  92103",San Diego,San Diego Unified School District,705,0634320,440,(619) 688-9796,K-8,24784,6,32.713017,-117.09868,Urban Discovery Academy Charter School,063432012318,https://www.greatschools.org/california/san-diego/24784-Urban-Discovery-Academy-Charter-School/?s_cid=gsapi,(619) 788-4668,https://www.greatschools.org/school/rating.page?state=CA&id=24784&s_cid=gsapi,https://www.greatschools.org/school/parentReviews.page?state=CA&id=24784&s_cid=gsapi,https://www.greatschools.org/modperl/achievement/CA/24784,CA,charter,http://www.urbandiscoveryacademy.com
"4801 Elm Street, 
San Diego, CA  92102",San Diego,San Diego Unified School District,705,0634320,350,(619) 262-3160,K-6,6254,6,32.723415,-117.0927,Webster Elementary School,063432005568,https://www.greatschools.org/california/san-diego/6254-Webster-Elementary-School/?s_cid=gsapi,(619) 362-3000,https://www.greatschools.org/school/rating.page?state=CA&id=6254&s_cid=gsapi,https://www.greatschools.org/school/parentReviews.page?state=CA&id=6254&s_cid=gsapi,https://www.greatschools.org/modperl/achievement/CA/6254,CA,public,http://webster.sandi.net
"630 Grapevine Road, 
Vista, CA  92083",Vista,Vista Unified School District,714,0641190,634,(760) 724-1821,K-5,6318,4,33.19983,-117.2737,Grapevine Elementary School,064119006818,https://www.greatschools.org/california/vista/6318-Grapevine-Elementary-School/?s_cid=gsapi,(760) 724-8329,https://www.greatschools.org/school/rating.page?state=CA&id=6318&s_cid=gsapi,https://www.greatschools.org/school/parentReviews.page?state=CA&id=6318&s_cid=gsapi,https://www.greatschools.org/modperl/achievement/CA/6318,CA,public,www.gv.vistausd.org
"24908 Abalar Way, 
Ramona, CA  92065",Ramona,Ramona City Unified School District,700,0631710,495,(760) 788-6170,K-6,6056,6,33.00813,-116.79121,James Dukes Elementary School,063171008943,https://www.greatschools.org/california/ramona/6056-James-Dukes-Elementary-School/?s_cid=gsapi,(760) 788-5060,https://www.greatschools.org/school/rating.page?state=CA&id=6056&s_cid=gsapi,https://www.greatschools.org/school/parentReviews.page?state=CA&id=6056&s_cid=gsapi,https://www.greatschools.org/modperl/achievement/CA/6056,CA,public,http://jdes.ramonausd.net/
"1743 Reche Road, 
Fallbrook, CA  92028",Fallbrook,Fallbrook Union Elementary School District,686,0613500,776,(760) 723-5740,7-8,5918,4,33.367626,-117.22165,James E. Potter Intermediate School,061350001540,https://www.greatschools.org/california/fallbrook/5918-James-E.-Potter-Intermediate-School/?s_cid=gsapi,(760) 731-4150,https://www.greatschools.org/school/rating.page?state=CA&id=5918&s_cid=gsapi,https://www.greatschools.org/school/parentReviews.page?state=CA&id=5918&s_cid=gsapi,https://www.greatschools.org/modperl/achievement/CA/5918,CA,public,
"981 Valencia Parkway, 
San Diego, CA  92114",San Diego,San Diego Unified School District,705,0634320,525,(619) 527-0472,K-5,6212,8,32.696037,-117.06854,Nye Elementary School,063432003954,https://www.greatschools.org/california/san-diego/6212-Nye-Elementary-School/?s_cid=gsapi,(619) 430-1200,https://www.greatschools.org/school/rating.page?state=CA&id=6212&s_cid=gsapi,https://www.greatschools.org/school/parentReviews.page?state=CA&id=6212&s_cid=gsapi,https://www.greatschools.org/modperl/achievement/CA/6212,CA,public,http://nye.sandi.net
"511 North 2nd Street, 
El Cajon, CA  92021",El Cajon,Julian Union Elementary,690,0619140,657,,K-12,25645,,32.800713,-116.935394,Diego Valley Charter,061914012880,https://www.greatschools.org/california/el-cajon/25645-Diego-Valley-Charter/?s_cid=gsapi,(619) 286-0312,https://www.greatschools.org/school/rating.page?state=CA&id=25645&s_cid=gsapi,https://www.greatschools.org/school/parentReviews.page?state=CA&id=25645&s_cid=gsapi,https://www.greatschools.org/modperl/achievement/CA/25645,CA,charter,
"2520 Boundary Avenue, 
Ramona, CA  92065",Ramona,Ramona City Unified School District,700,0631710,544,(760) 788-5363,K-6,6055,6,33.01859,-116.89073,Hanson Elementary School,063171004905,https://www.greatschools.org/california/ramona/6055-Hanson-Elementary-School/?s_cid=gsapi,(760) 787-2100,https://www.greatschools.org/school/rating.page?state=CA&id=6055&s_cid=gsapi,https://www.greatschools.org/school/parentReviews.page?state=CA&id=6055&s_cid=gsapi,https://www.greatschools.org/modperl/achievement/CA/6055,CA,public,www.ramonausd.net
"2633 Melbourne Drive, 
San Diego, CA  92123",San Diego,San Diego Unified School District,705,0634320,207,(858) 627-7410,K-5,6170,6,32.792255,-117.12592,Juarez Elementary School,063432005490,https://www.greatschools.org/california/san-diego/6170-Juarez-Elementary-School/?s_cid=gsapi,(858) 496-8145,https://www.greatschools.org/school/rating.page?state=CA&id=6170&s_cid=gsapi,https://www.greatschools.org/school/parentReviews.page?state=CA&id=6170&s_cid=gsapi,https://www.greatschools.org/modperl/achievement/CA/6170,CA,public,http://www.sandi.net/juarez
"849 Twining Avenue, 
San Diego, CA  92154",San Diego,Chula Vista Elementary School District,677,0608610,566,(619) 662-9679,K-6,5838,6,32.580734,-117.04418,Juarez-Lincoln Elementary School,060861000863,https://www.greatschools.org/california/san-diego/5838-Juarez-Lincoln-Elementary-School/?s_cid=gsapi,(619) 690-9222,https://www.greatschools.org/school/rating.page?state=CA&id=5838&s_cid=gsapi,https://www.greatschools.org/school/parentReviews.page?state=CA&id=5838&s_cid=gsapi,https://www.greatschools.org/modperl/achievement/CA/5838,CA,public,http://schools.cvesd.org/schools/juarezlincoln/
"1704 Cape Horn, 
Julian, CA  92036",Julian,Julian Union Elementary,690,0619140,200,,K-5,5936,5,33.07808,-116.59581,Julian Elementary School,061914002306,https://www.greatschools.org/california/julian/5936-Julian-Elementary-School/?s_cid=gsapi,(760) 765-0661,https://www.greatschools.org/school/rating.page?state=CA&id=5936&s_cid=gsapi,https://www.greatschools.org/school/parentReviews.page?state=CA&id=5936&s_cid=gsapi,https://www.greatschools.org/modperl/achievement/CA/5936,CA,public,
"1704 Cape Horn, 
Julian, CA  92036",Julian,Julian Union Elementary,690,0619140,2467,(760) 765-3849,K-12,11103,5,33.07808,-116.59581,Julian Charter School,061914008596,https://www.greatschools.org/california/julian/11103-Julian-Charter-School/?s_cid=gsapi,(760) 765-3847,https://www.greatschools.org/school/rating.page?state=CA&id=11103&s_cid=gsapi,https://www.greatschools.org/school/parentReviews.page?state=CA&id=11103&s_cid=gsapi,https://www.greatschools.org/modperl/achievement/CA/11103,CA,charter,www.juliancharterschool.org
"8401 Stansbury Street, 
Spring Valley, CA  91977",Spring Valley,La Mesa-Spring Valley School District,694,0620250,540,(619) 668-8330,K-6,5957,4,32.71825,-117.01728,Avondale Elementary School,062025002424,https://www.greatschools.org/california/spring-valley/5957-Avondale-Elementary-School/?s_cid=gsapi,(619) 668-5880,https://www.greatschools.org/school/rating.page?state=CA&id=5957&s_cid=gsapi,https://www.greatschools.org/school/parentReviews.page?state=CA&id=5957&s_cid=gsapi,https://www.greatschools.org/modperl/achievement/CA/5957,CA,public,http://www.lmsvschools.org/avondale
"2200 Parish Drive, 
Walnut Creek, CA  94598",Walnut Creek,Mt. Diablo Unified School District,51,0626370,525,(925) 943-1587,K-5,462,8,37.92897,-122.03658,Bancroft Elementary School,062637003935,https://www.greatschools.org/california/walnut-creek/462-Bancroft-Elementary-School/?s_cid=gsapi,(925) 933-3405,https://www.greatschools.org/school/rating.page?state=CA&id=462&s_cid=gsapi,https://www.greatschools.org/school/parentReviews.page?state=CA&id=462&s_cid=gsapi,https://www.greatschools.org/modperl/achievement/CA/462,CA,public,
"10227 Ramona Drive, 
Spring Valley, CA  91977",Spring Valley,La Mesa-Spring Valley School District,694,0620250,397,(619) 668-8337,K-6,5959,4,32.74779,-116.97276,Casa De Oro Elementary School,062025002427,https://www.greatschools.org/california/spring-valley/5959-Casa-De-Oro-Elementary-School/?s_cid=gsapi,(619) 668-5715,https://www.greatschools.org/school/rating.page?state=CA&id=5959&s_cid=gsapi,https://www.greatschools.org/school/parentReviews.page?state=CA&id=5959&s_cid=gsapi,https://www.greatschools.org/modperl/achievement/CA/5959,CA,public,http://www.lmsvsd.k12.ca.us/domain/283
"515 West Fletcher Street, 
Orange, CA  92865",Orange,Orange Unified School District,484,0628650,376,(714) 921-9155,K-6,3928,3,33.82965,-117.85767,Fletcher Elementary School,062865004429,https://www.greatschools.org/california/orange/3928-Fletcher-Elementary-School/?s_cid=gsapi,(714) 997-6181,https://www.greatschools.org/school/rating.page?state=CA&id=3928&s_cid=gsapi,https://www.greatschools.org/school/parentReviews.page?state=CA&id=3928&s_cid=gsapi,https://www.greatschools.org/modperl/achievement/CA/3928,CA,public,www.orangeusd.k12.ca.us/schools/elementary/fletcher/index.asp
"14840 Waverley Downs Way, 
San Diego, CA  92128",San Diego,Poway Unified School District,699,0631530,745,(858) 485-7642,K-5,6033,8,32.983982,-117.07202,Highland Ranch Elementary School,063153001204,https://www.greatschools.org/california/san-diego/6033-Highland-Ranch-Elementary-School/?s_cid=gsapi,(858) 674-4707,https://www.greatschools.org/school/rating.page?state=CA&id=6033&s_cid=gsapi,https://www.greatschools.org/school/parentReviews.page?state=CA&id=6033&s_cid=gsapi,https://www.greatschools.org/modperl/achievement/CA/6033,CA,public,www.powayusd.com/pusdhres
"2320 East Alondra Boulevard, 
Compton, CA  90221",Compton,Compton Unified,263,0609620,775,(310) 632-0583,K-7,1602,5,33.888714,-118.19806,Kelly Elementary School,060962000984,https://www.greatschools.org/california/compton/1602-Kelly-Elementary-School/?s_cid=gsapi,(310) 898-6410,https://www.greatschools.org/school/rating.page?state=CA&id=1602&s_cid=gsapi,https://www.greatschools.org/school/parentReviews.page?state=CA&id=1602&s_cid=gsapi,https://www.greatschools.org/modperl/achievement/CA/1602,CA,public,www.compton.k12.ca.us
"1111 Marine Street, 
La Jolla, CA  92037",La Jolla,San Diego Unified School District,705,0634320,595,(858) 459-6918,K-5,6179,10,32.83913,-117.27096,La Jolla Elementary School,063432005495,https://www.greatschools.org/california/la-jolla/6179-La-Jolla-Elementary-School/?s_cid=gsapi,(858) 454-7196,https://www.greatschools.org/school/rating.page?state=CA&id=6179&s_cid=gsapi,https://www.greatschools.org/school/parentReviews.page?state=CA&id=6179&s_cid=gsapi,https://www.greatschools.org/modperl/achievement/CA/6179,CA,public,www.ljes.org
"750 Nautilus Street, 
La Jolla, CA  92037",La Jolla,San Diego Unified School District,705,0634320,1588,(858) 459-2188,9-12,6180,9,32.83379,-117.27302,La Jolla High School,063432005496,https://www.greatschools.org/california/la-jolla/6180-La-Jolla-High-School/?s_cid=gsapi,(858) 454-3081,https://www.greatschools.org/school/rating.page?state=CA&id=6180&s_cid=gsapi,https://www.greatschools.org/school/parentReviews.page?state=CA&id=6180&s_cid=gsapi,https://www.greatschools.org/modperl/achievement/CA/6180,CA,public,http://www.sandi.net/ljhs
"222 Avenida De La Madrid, 
San Ysidro, CA  92173",San Ysidro,San Ysidro Elementary School District,711,0635220,498,(619) 428-0858,4-6,6299,3,32.564205,-117.04606,La Mirada Elementary School,063522005963,https://www.greatschools.org/california/san-ysidro/6299-La-Mirada-Elementary-School/?s_cid=gsapi,(619) 428-4424,https://www.greatschools.org/school/rating.page?state=CA&id=6299&s_cid=gsapi,https://www.greatschools.org/school/parentReviews.page?state=CA&id=6299&s_cid=gsapi,https://www.greatschools.org/modperl/achievement/CA/6299,CA,public,www.sysd.k12.ca.us
"10170 Huennekens Street, 
San Diego, CA  92121",San Diego,San Diego Unified School District,705,0634320,141,(858) 552-6945,6-12,27265,3,32.902805,-117.184204,Laurel Preparatory Academy,063432013681,https://www.greatschools.org/california/san-diego/27265-Laurel-Preparatory-Academy/?s_cid=gsapi,(858) 678-4812,https://www.greatschools.org/school/rating.page?state=CA&id=27265&s_cid=gsapi,https://www.greatschools.org/school/parentReviews.page?state=CA&id=27265&s_cid=gsapi,https://www.greatschools.org/modperl/achievement/CA/27265,CA,charter,https://laurelprep.com/
"1916 Capitola Road, 
Santa Cruz, CA  95062",Santa Cruz,Live Oak Elementary School District,663,0621990,349,(831) 475-0458,K-5,5728,6,36.97563,-121.98127,Live Oak Elementary School,062199002612,https://www.greatschools.org/california/santa-cruz/5728-Live-Oak-Elementary-School/?s_cid=gsapi,(831) 475-2000,https://www.greatschools.org/school/rating.page?state=CA&id=5728&s_cid=gsapi,https://www.greatschools.org/school/parentReviews.page?state=CA&id=5728&s_cid=gsapi,https://www.greatschools.org/modperl/achievement/CA/5728,CA,public,www.losd-ca.schoolloop.com/
"2411 Marvin Avenue, 
Los Angeles, CA  90016",Los Angeles,Los Angeles Unified School District,286,0622710,941,(323) 938-0411,K-5,2229,6,34.033684,-118.36448,Marvin Elementary School,062271003172,https://www.greatschools.org/california/los-angeles/2229-Marvin-Elementary-School/?s_cid=gsapi,(323) 938-3608,https://www.greatschools.org/school/rating.page?state=CA&id=2229&s_cid=gsapi,https://www.greatschools.org/school/parentReviews.page?state=CA&id=2229&s_cid=gsapi,https://www.greatschools.org/modperl/achievement/CA/2229,CA,public,http://www.lausd.net/Marvin_EL
"1056 Nautilus Street, 
La Jolla, CA  92037",La Jolla,San Diego Unified School District,705,0634320,1033,(858) 459-8075,6-8,6208,7,32.833096,-117.26919,Muirlands Middle School,063432005527,https://www.greatschools.org/california/la-jolla/6208-Muirlands-Middle-School/?s_cid=gsapi,(858) 459-4211,https://www.greatschools.org/school/rating.page?state=CA&id=6208&s_cid=gsapi,https://www.greatschools.org/school/parentReviews.page?state=CA&id=6208&s_cid=gsapi,https://www.greatschools.org/modperl/achievement/CA/6208,CA,public,http://sandi.net/muirlands
"1201 Santa Cora Avenue, 
Chula Vista, CA  91913",Chula Vista,Chula Vista Elementary School District,677,0608610,882,(619) 427-0463,K-6,12035,8,32.631794,-116.98533,McMillin (Corky) Elementary School,060861010377,https://www.greatschools.org/california/chula-vista/12035-McMillin-(Corky)-Elementary-School/?s_cid=gsapi,(619) 425-9600,https://www.greatschools.org/school/rating.page?state=CA&id=12035&s_cid=gsapi,https://www.greatschools.org/school/parentReviews.page?state=CA&id=12035&s_cid=gsapi,https://www.greatschools.org/modperl/achievement/CA/12035,CA,public,http://schools.cvesd.org/schools/mcmillin/
"1126 North Melrose Drive, Suite 301, 
Suite 301
Vista, CA  92083",Vista,Vista Unified School District,714,0641190,152,(760) 598-0895,9-12,24630,2,33.147053,-117.23227,North County Trade Tech High School,064119011970,https://www.greatschools.org/california/vista/24630-North-County-Trade-Tech-High-School/?s_cid=gsapi,(760) 598-0782,https://www.greatschools.org/school/rating.page?state=CA&id=24630&s_cid=gsapi,https://www.greatschools.org/school/parentReviews.page?state=CA&id=24630&s_cid=gsapi,https://www.greatschools.org/modperl/achievement/CA/24630,CA,charter,www.tradetechhigh.org
"12044 Eastreet Elliott Avenue, 
El Monte, CA  91732",El Monte,Mountain View Elementary,298,0626190,840,(626) 652-4815,K-6,2664,4,34.05681,-118.02465,Parkview Elementary School,062619003919,https://www.greatschools.org/california/el-monte/2664-Parkview-Elementary-School/?s_cid=gsapi,(626) 652-4800,https://www.greatschools.org/school/rating.page?state=CA&id=2664&s_cid=gsapi,https://www.greatschools.org/school/parentReviews.page?state=CA&id=2664&s_cid=gsapi,https://www.greatschools.org/modperl/achievement/CA/2664,CA,public,
"13010 Paseo Lucido, 
San Diego, CA  92128",San Diego,Poway Unified School District,699,0631530,2183,(858) 485-4822,9-12,6044,10,32.99434,-117.0681,Rancho Bernardo High School,063153010004,https://www.greatschools.org/california/san-diego/6044-Rancho-Bernardo-High-School/?s_cid=gsapi,(858) 485-4800,https://www.greatschools.org/school/rating.page?state=CA&id=6044&s_cid=gsapi,https://www.greatschools.org/school/parentReviews.page?state=CA&id=6044&s_cid=gsapi,https://www.greatschools.org/modperl/achievement/CA/6044,CA,public,www.powayusd.com/pusdrbhs
"510 East Naples Street, 
Chula Vista, CA  91911",Chula Vista,Chula Vista Elementary School District,677,0608610,472,(619) 421-1423,K-6,5850,7,32.611546,-117.07793,Rogers (Greg) Elementary School,060861000874,https://www.greatschools.org/california/chula-vista/5850-Rogers-(Greg)-Elementary-School/?s_cid=gsapi,(619) 656-2082,https://www.greatschools.org/school/rating.page?state=CA&id=5850&s_cid=gsapi,https://www.greatschools.org/school/parentReviews.page?state=CA&id=5850&s_cid=gsapi,https://www.greatschools.org/modperl/achievement/CA/5850,CA,public,http://schools.cvesd.org/schools/rogers/
"1001 Leland Street, 
Spring Valley, CA  91977",Spring Valley,La Mesa-Spring Valley School District,694,0620250,,,4-8,32167,,32.711666,-117.00518,"Science, Technology, Engineering, Arts, And Math Academy At La Presa",,"https://www.greatschools.org/california/spring-valley/32167-Science,-Technology,-Engineering,-Arts,-And-Math-Academy-At-La-Presa/?s_cid=gsapi",(619) 668-5720,https://www.greatschools.org/school/rating.page?state=CA&id=32167&s_cid=gsapi,https://www.greatschools.org/school/parentReviews.page?state=CA&id=32167&s_cid=gsapi,https://www.greatschools.org/modperl/achievement/CA/32167,CA,public,
"1685 Hollister Street, 
San Diego, CA  92154",San Diego,Sweetwater Union High School District,710,0638640,1717,(619) 423-8253,9-12,6296,5,32.568054,-117.08132,Southwest Senior High School,063864006492,https://www.greatschools.org/california/san-diego/6296-Southwest-Senior-High-School/?s_cid=gsapi,(619) 628-3023,https://www.greatschools.org/school/rating.page?state=CA&id=6296&s_cid=gsapi,https://www.greatschools.org/school/parentReviews.page?state=CA&id=6296&s_cid=gsapi,https://www.greatschools.org/modperl/achievement/CA/6296,CA,public,www.sweetwaterschools.org
"4365 Hill Street, 
San Diego, CA  92107",San Diego,San Diego Unified School District,705,0634320,470,(619) 224-6920,K-4,6241,9,32.724903,-117.25176,Sunset View Elementary School,063432005557,https://www.greatschools.org/california/san-diego/6241-Sunset-View-Elementary-School/?s_cid=gsapi,(619) 223-7156,https://www.greatschools.org/school/rating.page?state=CA&id=6241&s_cid=gsapi,https://www.greatschools.org/school/parentReviews.page?state=CA&id=6241&s_cid=gsapi,https://www.greatschools.org/modperl/achievement/CA/6241,CA,public,https://www.sandiegounified.org/schools/sunset-view
"1535 North Broadway, 
Escondido, CA  92026",Escondido,Escondido Union High,685,0612910,2493,(760) 739-7313,9-12,5907,6,33.144417,-117.09025,Escondido High School,061291001465,https://www.greatschools.org/california/escondido/5907-Escondido-High-School/?s_cid=gsapi,(760) 291-4000,https://www.greatschools.org/school/rating.page?state=CA&id=5907&s_cid=gsapi,https://www.greatschools.org/school/parentReviews.page?state=CA&id=5907&s_cid=gsapi,https://www.greatschools.org/modperl/achievement/CA/5907,CA,public,www.ehscougars.com
"6125 Printwood Way, 
San Diego, CA  92117",San Diego,San Diego Unified School District,705,0634320,266,(858) 576-9739,K-6,6181,5,32.82617,-117.16915,Lafayette Elementary School,063432005497,https://www.greatschools.org/california/san-diego/6181-Lafayette-Elementary-School/?s_cid=gsapi,(858) 496-8160,https://www.greatschools.org/school/rating.page?state=CA&id=6181&s_cid=gsapi,https://www.greatschools.org/school/parentReviews.page?state=CA&id=6181&s_cid=gsapi,https://www.greatschools.org/modperl/achievement/CA/6181,CA,public,http://new.sandi.net/schools/lafayette
"4672 County Road North, 
Orland, CA  95963",Orland,Lake Elementary,126,0620610,173,(530) 865-1203,K-8,979,6,39.7753,-122.1596,Lake Elementary School,062061002475,https://www.greatschools.org/california/orland/979-Lake-Elementary-School/?s_cid=gsapi,(530) 865-1255,https://www.greatschools.org/school/rating.page?state=CA&id=979&s_cid=gsapi,https://www.greatschools.org/school/parentReviews.page?state=CA&id=979&s_cid=gsapi,https://www.greatschools.org/modperl/achievement/CA/979,CA,public,
"11915 Lakeside Avenue, 
Lakeside, CA  92040",Lakeside,Lakeside Union Elementary School District,692,0620790,666,(619) 390-2648,K-5,5941,8,32.8661,-116.93598,Lakeside Farms Elementary School,062079002493,https://www.greatschools.org/california/lakeside/5941-Lakeside-Farms-Elementary-School/?s_cid=gsapi,(619) 390-2646,https://www.greatschools.org/school/rating.page?state=CA&id=5941&s_cid=gsapi,https://www.greatschools.org/school/parentReviews.page?state=CA&id=5941&s_cid=gsapi,https://www.greatschools.org/modperl/achievement/CA/5941,CA,public,www.lsusd.net
"4215 Spring Street, Suite A-104, 
Suite 321
La Mesa, CA  91941",La Mesa,San Diego Unified School District,705,0634320,964,(619) 463-0052,K-12,14557,4,32.912083,-117.11135,Learning Choice Academy,063432011139,https://www.greatschools.org/california/la-mesa/14557-Learning-Choice-Academy/?s_cid=gsapi,(619) 463-6849,https://www.greatschools.org/school/rating.page?state=CA&id=14557&s_cid=gsapi,https://www.greatschools.org/school/parentReviews.page?state=CA&id=14557&s_cid=gsapi,https://www.greatschools.org/modperl/achievement/CA/14557,CA,charter,www.learningchoice.org
"5600 South Ohio Street, 
Yorba Linda, CA  92886",Yorba Linda,Placentia-Yorba Linda Unified School District,485,0630660,463,(714) 779-2138,K-5,3965,10,33.87842,-117.80728,Linda Vista Elementary School,063066009616,https://www.greatschools.org/california/yorba-linda/3965-Linda-Vista-Elementary-School/?s_cid=gsapi,(714) 986-7200,https://www.greatschools.org/school/rating.page?state=CA&id=3965&s_cid=gsapi,https://www.greatschools.org/school/parentReviews.page?state=CA&id=3965&s_cid=gsapi,https://www.greatschools.org/modperl/achievement/CA/3965,CA,public,
"1030 Naranca Avenue, 
El Cajon, CA  92021",El Cajon,Cajon Valley Union School District,676,0606810,817,(619) 441-6176,K-5,5820,4,32.803963,-116.94639,Naranca Elementary School,060681000623,https://www.greatschools.org/california/el-cajon/5820-Naranca-Elementary-School/?s_cid=gsapi,(619) 588-3087,https://www.greatschools.org/school/rating.page?state=CA&id=5820&s_cid=gsapi,https://www.greatschools.org/school/parentReviews.page?state=CA&id=5820&s_cid=gsapi,https://www.greatschools.org/modperl/achievement/CA/5820,CA,public,http://www.cajonvalley.net/naranca
"9545 Cuyamaca Street, 
Santee, CA  92071",Santee,Santee Elementary,702,0635880,980,(619) 956-5514,K-8,6071,9,32.851376,-116.98327,Rio Seco Elementary School,063588006144,https://www.greatschools.org/california/santee/6071-Rio-Seco-Elementary-School/?s_cid=gsapi,(619) 956-5500,https://www.greatschools.org/school/rating.page?state=CA&id=6071&s_cid=gsapi,https://www.greatschools.org/school/parentReviews.page?state=CA&id=6071&s_cid=gsapi,https://www.greatschools.org/modperl/achievement/CA/6071,CA,public,www.santeesd.net
"14314 Rios Canyon Road, 
El Cajon, CA  92021",El Cajon,Cajon Valley Union School District,676,0606810,250,(619) 579-4876,K-5,5822,4,32.840065,-116.8758,Rios Elementary School,060681000624,https://www.greatschools.org/california/el-cajon/5822-Rios-Elementary-School/?s_cid=gsapi,(619) 588-3090,https://www.greatschools.org/school/rating.page?state=CA&id=5822&s_cid=gsapi,https://www.greatschools.org/school/parentReviews.page?state=CA&id=5822&s_cid=gsapi,https://www.greatschools.org/modperl/achievement/CA/5822,CA,public,http://cajonvalley.net/
"4260 54th Street, 
San Diego, CA  92115",San Diego,Sbe - Thrive Public,1659,0601429,45,,K-8,31646,4,32.75406,-117.079994,Thrive Public,060142912498,https://www.greatschools.org/california/san-diego/31646-Thrive-Public/?s_cid=gsapi,(619) 839-9543,https://www.greatschools.org/school/rating.page?state=CA&id=31646&s_cid=gsapi,https://www.greatschools.org/school/parentReviews.page?state=CA&id=31646&s_cid=gsapi,https://www.greatschools.org/modperl/achievement/CA/31646,CA,charter,www.thriveps.org
"11655 Airline Highway, 
Paicines, CA  95043",Paicines,Willow Grove Union Elementary,590,0642630,18,(831) 628-3458,K-8,4946,,36.7352,-121.2799,Willow Grove Elementary School,064263006974,https://www.greatschools.org/california/paicines/4946-Willow-Grove-Elementary-School/?s_cid=gsapi,(831) 628-3256,https://www.greatschools.org/school/rating.page?state=CA&id=4946&s_cid=gsapi,https://www.greatschools.org/school/parentReviews.page?state=CA&id=4946&s_cid=gsapi,https://www.greatschools.org/modperl/achievement/CA/4946,CA,public,
"8787 Lemon Avenue, 
La Mesa, CA  91941",La Mesa,La Mesa-Spring Valley School District,694,0620250,656,(619) 668-8344,K-6,5967,6,32.768208,-117.00836,Lemon Avenue Elementary School,062025002435,https://www.greatschools.org/california/la-mesa/5967-Lemon-Avenue-Elementary-School/?s_cid=gsapi,(619) 668-5835,https://www.greatschools.org/school/rating.page?state=CA&id=5967&s_cid=gsapi,https://www.greatschools.org/school/parentReviews.page?state=CA&id=5967&s_cid=gsapi,https://www.greatschools.org/modperl/achievement/CA/5967,CA,public,http://www.lmsvsd.k12.ca.us/Domain/16
"11111 Thienes Avenue, 
El Monte, CA  91732",El Monte,Mountain View Elementary,298,0626190,774,(626) 652-4665,K-8,2663,6,34.04526,-118.03495,Monte Vista Elementary School,062619003918,https://www.greatschools.org/california/el-monte/2663-Monte-Vista-Elementary-School/?s_cid=gsapi,(626) 652-4650,https://www.greatschools.org/school/rating.page?state=CA&id=2663&s_cid=gsapi,https://www.greatschools.org/school/parentReviews.page?state=CA&id=2663&s_cid=gsapi,https://www.greatschools.org/modperl/achievement/CA/2663,CA,public,http://montevista.mtviewschools.com/
"9550 Carmel Mountain Road, 
San Diego, CA  92129",San Diego,Poway Unified School District,699,0631530,2014,(858) 538-5496,9-12,6039,9,32.967445,-117.12043,Mt. Carmel High School,063153004890,https://www.greatschools.org/california/san-diego/6039-Mt.-Carmel-High-School/?s_cid=gsapi,(858) 484-1180,https://www.greatschools.org/school/rating.page?state=CA&id=6039&s_cid=gsapi,https://www.greatschools.org/school/parentReviews.page?state=CA&id=6039&s_cid=gsapi,https://www.greatschools.org/modperl/achievement/CA/6039,CA,public,www.powayusd.com/pusdmchs
"1750 Madera Street, 
Lemon Grove, CA  91945",Lemon Grove,Lemon Grove School District,693,0621330,379,(619) 825-5787,PK-6,5954,4,32.72409,-117.04532,San Altos Elementary School,062133002554,https://www.greatschools.org/california/lemon-grove/5954-San-Altos-Elementary-School/?s_cid=gsapi,(619) 825-5621,https://www.greatschools.org/school/rating.page?state=CA&id=5954&s_cid=gsapi,https://www.greatschools.org/school/parentReviews.page?state=CA&id=5954&s_cid=gsapi,https://www.greatschools.org/modperl/achievement/CA/5954,CA,public,http://lgsdsae.lgsd.k12.ca.us/
"5350 Faught Road, 
Santa Rosa, CA  95403",Santa Rosa,Mark West Union Elementary,822,0624000,422,(707) 524-2968,K-6,7050,7,38.51237,-122.76036,San Miguel Elementary School,062400003611,https://www.greatschools.org/california/santa-rosa/7050-San-Miguel-Elementary-School/?s_cid=gsapi,(707) 524-2960,https://www.greatschools.org/school/rating.page?state=CA&id=7050&s_cid=gsapi,https://www.greatschools.org/school/parentReviews.page?state=CA&id=7050&s_cid=gsapi,https://www.greatschools.org/modperl/achievement/CA/7050,CA,charter,www.mwusd.org
"1 Panther Drive, 
Vista, CA  92084",Vista,Vista Unified School District,714,0641190,2567,(760) 630-9738,9-12,6328,5,33.224228,-117.23852,Vista High School,064119006824,https://www.greatschools.org/california/vista/6328-Vista-High-School/?s_cid=gsapi,(760) 726-5611,https://www.greatschools.org/school/rating.page?state=CA&id=6328&s_cid=gsapi,https://www.greatschools.org/school/parentReviews.page?state=CA&id=6328&s_cid=gsapi,https://www.greatschools.org/modperl/achievement/CA/6328,CA,public,www.vhs.vistausd.org
"1654 Buckman Springs Road, 
Campo, CA  91906",Campo,Mountain Empire Unified School District,695,0626100,495,(619) 478-5982,PK-8,5980,3,32.642826,-116.48676,Campo Elementary School,062610003900,https://www.greatschools.org/california/campo/5980-Campo-Elementary-School/?s_cid=gsapi,(619) 478-5583,https://www.greatschools.org/school/rating.page?state=CA&id=5980&s_cid=gsapi,https://www.greatschools.org/school/parentReviews.page?state=CA&id=5980&s_cid=gsapi,https://www.greatschools.org/modperl/achievement/CA/5980,CA,public,www.meusd.schoolwires.net
"39639 Old Highway 80, 
Boulevard, CA  91905",Boulevard,Mountain Empire Unified School District,695,0626100,150,(619) 766-4532,PK-5,5981,7,32.668423,-116.29544,Clover Flat Elementary,062610003901,https://www.greatschools.org/california/boulevard/5981-Clover-Flat-Elementary/?s_cid=gsapi,(619) 766-4655,https://www.greatschools.org/school/rating.page?state=CA&id=5981&s_cid=gsapi,https://www.greatschools.org/school/parentReviews.page?state=CA&id=5981&s_cid=gsapi,https://www.greatschools.org/modperl/achievement/CA/5981,CA,public,http://cfe-meusd-ca.schoolloop.com/
"5150 Jackson Drive, 
La Mesa, CA  91942",La Mesa,Mountain Empire Unified School District,695,0626100,230,(619) 303-3759,5-8,25221,10,32.772594,-117.011116,College Preparatory Middle School,062610012759,https://www.greatschools.org/california/la-mesa/25221-College-Preparatory-Middle-School/?s_cid=gsapi,(619) 303-2782,https://www.greatschools.org/school/rating.page?state=CA&id=25221&s_cid=gsapi,https://www.greatschools.org/school/parentReviews.page?state=CA&id=25221&s_cid=gsapi,https://www.greatschools.org/modperl/achievement/CA/25221,CA,charter,
"850 Hampshire Road, 
Thousand Oaks, CA  91361",Thousand Oaks,Acton-Agua Dulce Unified,249,0600001,1205,,K-12,32417,,34.155697,-118.830894,Compass Charter Schools,,https://www.greatschools.org/california/thousand-oaks/32417-Compass-Charter-Schools/?s_cid=gsapi,(855) 937-4227,https://www.greatschools.org/school/rating.page?state=CA&id=32417&s_cid=gsapi,https://www.greatschools.org/school/parentReviews.page?state=CA&id=32417&s_cid=gsapi,https://www.greatschools.org/modperl/achievement/CA/32417,CA,charter,www.compasscharters.org
"24842 Viejas Boulevard, 
Descanso, CA  91916",Descanso,Mountain Empire Unified School District,695,0626100,114,(619) 445-2292,PK-5,5982,9,32.85888,-116.61349,Descanso Elementary School,062610003902,https://www.greatschools.org/california/descanso/5982-Descanso-Elementary-School/?s_cid=gsapi,(619) 445-2126,https://www.greatschools.org/school/rating.page?state=CA&id=5982&s_cid=gsapi,https://www.greatschools.org/school/parentReviews.page?state=CA&id=5982&s_cid=gsapi,https://www.greatschools.org/modperl/achievement/CA/5982,CA,public,http://meusd.schoolwires.net/domain/28
"1301 Brabham Street, 
El Cajon, CA  92019",El Cajon,Cajon Valley Union School District,676,0606810,1502,(619) 441-6185,6-8,5812,8,32.748512,-116.93242,Hillsdale Middle School,060681005234,https://www.greatschools.org/california/el-cajon/5812-Hillsdale-Middle-School/?s_cid=gsapi,(619) 441-6156,https://www.greatschools.org/school/rating.page?state=CA&id=5812&s_cid=gsapi,https://www.greatschools.org/school/parentReviews.page?state=CA&id=5812&s_cid=gsapi,https://www.greatschools.org/modperl/achievement/CA/5812,CA,public,http://www.cajonvalley.net/Page/33
"6905 Skyline Drive, 
San Diego, CA  92114",San Diego,San Diego Unified School District,705,0634320,1808,(619) 262-6835,9-12,6207,6,32.702633,-117.04873,Morse High School,063432005526,https://www.greatschools.org/california/san-diego/6207-Morse-High-School/?s_cid=gsapi,(619) 262-0763,https://www.greatschools.org/school/rating.page?state=CA&id=6207&s_cid=gsapi,https://www.greatschools.org/school/parentReviews.page?state=CA&id=6207&s_cid=gsapi,https://www.greatschools.org/modperl/achievement/CA/6207,CA,public,morsehs.enschool.org
"24625 Highway 88, 
Pioneer, CA  95666",Pioneer,Amador County Unified,23,0602450,199,(209) 295-1660,K-6,330,6,38.43623,-120.54699,Pioneer Elementary School,060245008791,https://www.greatschools.org/california/pioneer/330-Pioneer-Elementary-School/?s_cid=gsapi,(209) 295-6500,https://www.greatschools.org/school/rating.page?state=CA&id=330&s_cid=gsapi,https://www.greatschools.org/school/parentReviews.page?state=CA&id=330&s_cid=gsapi,https://www.greatschools.org/modperl/achievement/CA/330,CA,public,
"4800 T Street, 
San Diego, CA  92113",San Diego,San Diego Unified School District,705,0634320,1064,,K-6,14624,4,32.699646,-117.09108,Porter Elementary School,063432011382,https://www.greatschools.org/california/san-diego/14624-Porter-Elementary-School/?s_cid=gsapi,(619) 266-4500,https://www.greatschools.org/school/rating.page?state=CA&id=14624&s_cid=gsapi,https://www.greatschools.org/school/parentReviews.page?state=CA&id=14624&s_cid=gsapi,https://www.greatschools.org/modperl/achievement/CA/14624,CA,public,http://new.sandi.net/schools/porter
"3548 Seagate Way, Suite 140, 
Ste. 140
Oceanside, CA  92056",Oceanside,Mountain Empire Unified School District,695,0626100,102,(760) 509-4691,K-12,25173,,33.20416,-117.30771,San Diego Neighborhood Homeschools,062610012408,https://www.greatschools.org/california/oceanside/25173-San-Diego-Neighborhood-Homeschools/?s_cid=gsapi,(760) 295-1117,https://www.greatschools.org/school/rating.page?state=CA&id=25173&s_cid=gsapi,https://www.greatschools.org/school/parentReviews.page?state=CA&id=25173&s_cid=gsapi,https://www.greatschools.org/modperl/achievement/CA/25173,CA,charter,www.sdnh.org
"3291 Buckman Springs Road, 
Pine Valley, CA  91962",Pine Valley,Mountain Empire Unified School District,695,0626100,200,(619) 308-6007,6-12,25265,2,32.734352,-116.49294,San Diego Virtual,062610012767,https://www.greatschools.org/california/pine-valley/25265-San-Diego-Virtual/?s_cid=gsapi,(619) 713-7271,https://www.greatschools.org/school/rating.page?state=CA&id=25265&s_cid=gsapi,https://www.greatschools.org/school/parentReviews.page?state=CA&id=25265&s_cid=gsapi,https://www.greatschools.org/modperl/achievement/CA/25265,CA,charter,
"933 E Avenue, 
National City, CA  91950",National City,National Elementary,696,0626670,677,(619) 336-7455,K-6,5989,5,32.67612,-117.10133,Central Elementary School,062667004042,https://www.greatschools.org/california/national-city/5989-Central-Elementary-School/?s_cid=gsapi,(619) 336-7400,https://www.greatschools.org/school/rating.page?state=CA&id=5989&s_cid=gsapi,https://www.greatschools.org/school/parentReviews.page?state=CA&id=5989&s_cid=gsapi,https://www.greatschools.org/modperl/achievement/CA/5989,CA,public,http://nsd.us/schools/central/
"100 West Farmland, 
Merced, CA  95348",Merced,Merced Union High,418,0624660,1124,,9-12,31102,5,37.36843,-120.45941,El Capitan High,062466013098,https://www.greatschools.org/california/merced/31102-El-Capitan-High/?s_cid=gsapi,(209) 384-5501,https://www.greatschools.org/school/rating.page?state=CA&id=31102&s_cid=gsapi,https://www.greatschools.org/school/parentReviews.page?state=CA&id=31102&s_cid=gsapi,https://www.greatschools.org/modperl/achievement/CA/31102,CA,public,www.muhsd.k12.ca.us
"2360 Shasta Way, 
Simi Valley, CA  93065",Simi Valley,New Jerusalem Elementary,756,0627030,,,K-12,32198,,34.277405,-118.78849,Insight @ San Joaquin,,https://www.greatschools.org/california/simi-valley/32198-Insight-@-San-Joaquin/?s_cid=gsapi,(805) 581-0202,https://www.greatschools.org/school/rating.page?state=CA&id=32198&s_cid=gsapi,https://www.greatschools.org/school/parentReviews.page?state=CA&id=32198&s_cid=gsapi,https://www.greatschools.org/modperl/achievement/CA/32198,CA,charter,http://ca.insightschools.net/
"1740 Huntington Drive #205, 
Duarte, CA  91010",Duarte,Acton-Agua Dulce Unified,249,0600001,1700,(626) 932-1804,PK-12,31974,4,34.139355,-117.967545,Inspire Charter Schools,060000113764,https://www.greatschools.org/california/duarte/31974-Inspire-Charter-Schools/?s_cid=gsapi,(626) 932-1802,https://www.greatschools.org/school/rating.page?state=CA&id=31974&s_cid=gsapi,https://www.greatschools.org/school/parentReviews.page?state=CA&id=31974&s_cid=gsapi,https://www.greatschools.org/modperl/achievement/CA/31974,CA,charter,www.inspireschools.org
"10050 Avenida Magnifica, 
San Diego, CA  92131",San Diego,San Diego Unified School District,705,0634320,665,(858) 578-7367,K-5,6167,10,32.90818,-117.0835,Jerabek Elementary School,063432005486,https://www.greatschools.org/california/san-diego/6167-Jerabek-Elementary-School/?s_cid=gsapi,(858) 578-5330,https://www.greatschools.org/school/rating.page?state=CA&id=6167&s_cid=gsapi,https://www.greatschools.org/school/parentReviews.page?state=CA&id=6167&s_cid=gsapi,https://www.greatschools.org/modperl/achievement/CA/6167,CA,public,https://www.sandiegounified.org/schools/jerabek
"740 Kempton Street, 
Spring Valley, CA  91977",Spring Valley,La Mesa-Spring Valley School District,694,0620250,613,(619) 668-8317,K-6,5962,3,32.710518,-117.00288,Kempton Street Elementary School,062025002430,https://www.greatschools.org/california/spring-valley/5962-Kempton-Street-Elementary-School/?s_cid=gsapi,(619) 668-5870,https://www.greatschools.org/school/rating.page?state=CA&id=5962&s_cid=gsapi,https://www.greatschools.org/school/parentReviews.page?state=CA&id=5962&s_cid=gsapi,https://www.greatschools.org/modperl/achievement/CA/5962,CA,public,
"3371 Brittany Way, 
El Dorado Hills, CA  95762",El Dorado Hills,Rescue Union Elementary,84,0632310,549,(916) 941-3826,K-5,13865,9,38.698914,-121.09423,Lakeview Elementary School,063231010769,https://www.greatschools.org/california/el-dorado-hills/13865-Lakeview-Elementary-School/?s_cid=gsapi,(916) 941-2600,https://www.greatschools.org/school/rating.page?state=CA&id=13865&s_cid=gsapi,https://www.greatschools.org/school/parentReviews.page?state=CA&id=13865&s_cid=gsapi,https://www.greatschools.org/modperl/achievement/CA/13865,CA,public,www.mylakevieweagles.com
"1771 East Pacific Avenue, 
Tulare, CA  93274",Tulare,Liberty Elementary,967,0621570,414,(559) 686-2879,K-8,7461,4,36.26844,-119.31466,Liberty Elementary School,062157002571,https://www.greatschools.org/california/tulare/7461-Liberty-Elementary-School/?s_cid=gsapi,(559) 686-1675,https://www.greatschools.org/school/rating.page?state=CA&id=7461&s_cid=gsapi,https://www.greatschools.org/school/parentReviews.page?state=CA&id=7461&s_cid=gsapi,https://www.greatschools.org/modperl/achievement/CA/7461,CA,public,http://les-libertyesd-ca.schoolloop.com/
"1521 Hanson Lane, 
Ramona, CA  92065",Ramona,Ramona City Unified School District,700,0631710,847,(760) 788-5014,7-8,6059,6,33.026783,-116.8716,Olive Peirce Middle School,063171008944,https://www.greatschools.org/california/ramona/6059-Olive-Peirce-Middle-School/?s_cid=gsapi,(760) 787-2400,https://www.greatschools.org/school/rating.page?state=CA&id=6059&s_cid=gsapi,https://www.greatschools.org/school/parentReviews.page?state=CA&id=6059&s_cid=gsapi,https://www.greatschools.org/modperl/achievement/CA/6059,CA,public,http://opms.ramonausd.net/
"16711 Martincoit Road, 
Poway, CA  92064",Poway,Poway Unified School District,699,0631530,666,(858) 673-8254,K-5,6040,9,33.017452,-117.03975,Painted Rock Elementary School,063153004891,https://www.greatschools.org/california/poway/6040-Painted-Rock-Elementary-School/?s_cid=gsapi,(858) 487-1180,https://www.greatschools.org/school/rating.page?state=CA&id=6040&s_cid=gsapi,https://www.greatschools.org/school/parentReviews.page?state=CA&id=6040&s_cid=gsapi,https://www.greatschools.org/modperl/achievement/CA/6040,CA,public,www.powayusd.com/pusdpres
"1174 East J Street, 
Chula Vista, CA  91910",Chula Vista,Sweetwater Union High School District,710,0638640,1628,(619) 656-3810,7-8,6294,7,32.63089,-117.00766,Rancho Del Rey Middle School,063864007348,https://www.greatschools.org/california/chula-vista/6294-Rancho-Del-Rey-Middle-School/?s_cid=gsapi,(619) 397-2500,https://www.greatschools.org/school/rating.page?state=CA&id=6294&s_cid=gsapi,https://www.greatschools.org/school/parentReviews.page?state=CA&id=6294&s_cid=gsapi,https://www.greatschools.org/modperl/achievement/CA/6294,CA,public,www.sweetwaterschools.org
"27845 Whitman Road, 
Hayward, CA  94544",Hayward,Hayward Unified School District,9,0616740,547,(510) 538-8478,7-8,112,3,37.636993,-122.06274,Cesar Chavez Middle School,061674002118,https://www.greatschools.org/california/hayward/112-Cesar-Chavez-Middle-School/?s_cid=gsapi,(510) 723-3110,https://www.greatschools.org/school/rating.page?state=CA&id=112&s_cid=gsapi,https://www.greatschools.org/school/parentReviews.page?state=CA&id=112&s_cid=gsapi,https://www.greatschools.org/modperl/achievement/CA/112,CA,public,
"12211 Titus Avenue, 
Saratoga, CA  95070",Saratoga,Cupertino Union,631,0610290,468,(408) 865-0684,K-8,5440,9,37.292892,-122.00963,Christa McAuliffe Elementary School,061029009356,https://www.greatschools.org/california/saratoga/5440-Christa-McAuliffe-Elementary-School/?s_cid=gsapi,(408) 253-4696,https://www.greatschools.org/school/rating.page?state=CA&id=5440&s_cid=gsapi,https://www.greatschools.org/school/parentReviews.page?state=CA&id=5440&s_cid=gsapi,https://www.greatschools.org/modperl/achievement/CA/5440,CA,public,http://joomla.mcauliffek8.com/
"4096 Calle Platino, 
Suite 1
Oceanside, CA  92056",Oceanside,Oceanside Unified School District,697,0628250,1363,(760) 631-4027,K-8,12561,8,33.21243,-117.28718,Coastal Academy,062825011265,https://www.greatschools.org/california/oceanside/12561-Coastal-Academy/?s_cid=gsapi,(760) 631-4020,https://www.greatschools.org/school/rating.page?state=CA&id=12561&s_cid=gsapi,https://www.greatschools.org/school/parentReviews.page?state=CA&id=12561&s_cid=gsapi,https://www.greatschools.org/modperl/achievement/CA/12561,CA,charter,www.classicalacademy.com/
"600 Hidalgo Drive, 
Bakersfield, CA  93314",Bakersfield,Rosedale Union Elementary,234,0633480,444,(661) 588-6053,K-6,1354,7,35.349464,-119.16242,Del Rio Elementary School,063348000415,https://www.greatschools.org/california/bakersfield/1354-Del-Rio-Elementary-School/?s_cid=gsapi,(661) 588-6050,https://www.greatschools.org/school/rating.page?state=CA&id=1354&s_cid=gsapi,https://www.greatschools.org/school/parentReviews.page?state=CA&id=1354&s_cid=gsapi,https://www.greatschools.org/modperl/achievement/CA/1354,CA,public,www.rosedale.k12.ca.us
"333 Garrison Drive, 
Oceanside, CA  92054",Oceanside,Oceanside Unified School District,697,0628250,425,(760) 757-5008,K-5,6003,3,33.20735,-117.3349,E. G. Garrison Elementary School,062825004359,https://www.greatschools.org/california/oceanside/6003-E.-G.-Garrison-Elementary-School/?s_cid=gsapi,(760) 901-7600,https://www.greatschools.org/school/rating.page?state=CA&id=6003&s_cid=gsapi,https://www.greatschools.org/school/parentReviews.page?state=CA&id=6003&s_cid=gsapi,https://www.greatschools.org/modperl/achievement/CA/6003,CA,public,http://garrison.oside.us/
"7885 Paseo Aliso, 
Carlsbad, CA  92009",Carlsbad,Encinitas Union Elementary School District,683,0612750,705,(760) 943-2052,K-6,11833,10,33.077015,-117.25889,El Camino Creek Elementary School,061275008592,https://www.greatschools.org/california/carlsbad/11833-El-Camino-Creek-Elementary-School/?s_cid=gsapi,(760) 943-2051,https://www.greatschools.org/school/rating.page?state=CA&id=11833&s_cid=gsapi,https://www.greatschools.org/school/parentReviews.page?state=CA&id=11833&s_cid=gsapi,https://www.greatschools.org/modperl/achievement/CA/11833,CA,public,www.eusd.k12.ca.us/ec
"701 National City Boulevard, 
National City, CA  91950",National City,National Elementary,696,0626670,300,(619) 336-0807,K-8,12339,4,32.676342,-117.10674,Integrity Charter School,062667011237,https://www.greatschools.org/california/national-city/12339-Integrity-Charter-School/?s_cid=gsapi,(619) 336-0808,https://www.greatschools.org/school/rating.page?state=CA&id=12339&s_cid=gsapi,https://www.greatschools.org/school/parentReviews.page?state=CA&id=12339&s_cid=gsapi,https://www.greatschools.org/modperl/achievement/CA/12339,CA,charter,www.integritycharterschool.net
"221 Old Hernandez Road, 
Paicines, CA  95043",Paicines,Jefferson Elementary,584,0618810,11,,K-8,4939,,36.504253,-121.08363,Jefferson Elementary School,061881002276,https://www.greatschools.org/california/paicines/4939-Jefferson-Elementary-School/?s_cid=gsapi,(831) 389-4593,https://www.greatschools.org/school/rating.page?state=CA&id=4939&s_cid=gsapi,https://www.greatschools.org/school/parentReviews.page?state=CA&id=4939&s_cid=gsapi,https://www.greatschools.org/modperl/achievement/CA/4939,CA,public,http://www.cde.ca.gov/re/sd/details.asp?cds=35674880000000&Public=Y
"624 West Las Palmas Avenue, 
Patterson, CA  95363",Patterson,Patterson Joint Unified,893,0630030,579,(209) 892-7769,K-5,7285,4,37.469707,-121.13406,Las Palmas Elementary School,063003004701,https://www.greatschools.org/california/patterson/7285-Las-Palmas-Elementary-School/?s_cid=gsapi,(209) 892-4730,https://www.greatschools.org/school/rating.page?state=CA&id=7285&s_cid=gsapi,https://www.greatschools.org/school/parentReviews.page?state=CA&id=7285&s_cid=gsapi,https://www.greatschools.org/modperl/achievement/CA/7285,CA,public,
"5170 Greenbrier Avenue, 
San Diego, CA  92120",San Diego,San Diego Unified School District,705,0634320,1042,(619) 229-1338,6-8,6184,8,32.79706,-117.08065,Lewis Middle School,063432005499,https://www.greatschools.org/california/san-diego/6184-Lewis-Middle-School/?s_cid=gsapi,(619) 583-3233,https://www.greatschools.org/school/rating.page?state=CA&id=6184&s_cid=gsapi,https://www.greatschools.org/school/parentReviews.page?state=CA&id=6184&s_cid=gsapi,https://www.greatschools.org/modperl/achievement/CA/6184,CA,public,http://lewis.edu/
"333 South D Street, 
Exeter, CA  93221",Exeter,Exeter Unified School District,1544,0601423,638,,K-5,31046,4,36.292828,-119.136925,Lincoln Elementary,060142301501,https://www.greatschools.org/california/exeter/31046-Lincoln-Elementary/?s_cid=gsapi,(559) 592-2141,https://www.greatschools.org/school/rating.page?state=CA&id=31046&s_cid=gsapi,https://www.greatschools.org/school/parentReviews.page?state=CA&id=31046&s_cid=gsapi,https://www.greatschools.org/modperl/achievement/CA/31046,CA,public,
"9669 Dunbar Lane, 
El Cajon, CA  92021",El Cajon,Cajon Valley Union School District,676,0606810,663,(619) 938-1850,6-8,16871,6,32.858624,-116.81941,Los Coches Creek Middle School,060681011751,https://www.greatschools.org/california/el-cajon/16871-Los-Coches-Creek-Middle-School/?s_cid=gsapi,(619) 441-5741,https://www.greatschools.org/school/rating.page?state=CA&id=16871&s_cid=gsapi,https://www.greatschools.org/school/parentReviews.page?state=CA&id=16871&s_cid=gsapi,https://www.greatschools.org/modperl/achievement/CA/16871,CA,public,http://www.cajonvalley.net/
"1921 Arroyo Avenue, 
Pomona, CA  91768",Pomona,Pomona Unified School District,305,0631320,504,(909) 629-8275,6-8,2825,3,34.06497,-117.78565,Marshall Middle School,063132004846,https://www.greatschools.org/california/pomona/2825-Marshall-Middle-School/?s_cid=gsapi,(909) 397-4532,https://www.greatschools.org/school/rating.page?state=CA&id=2825&s_cid=gsapi,https://www.greatschools.org/school/parentReviews.page?state=CA&id=2825&s_cid=gsapi,https://www.greatschools.org/modperl/achievement/CA/2825,CA,public,www.pusd.org
"10770 Red Cedar Drive, 
San Diego, CA  92131",San Diego,San Diego Unified School District,705,0634320,759,(858) 549-6817,K-5,6204,10,32.910294,-117.09905,Miramar Ranch Elementary School,063432005521,https://www.greatschools.org/california/san-diego/6204-Miramar-Ranch-Elementary-School/?s_cid=gsapi,(858) 271-0470,https://www.greatschools.org/school/rating.page?state=CA&id=6204&s_cid=gsapi,https://www.greatschools.org/school/parentReviews.page?state=CA&id=6204&s_cid=gsapi,https://www.greatschools.org/modperl/achievement/CA/6204,CA,public,miramarranch.org
"2030 University Drive, 
Vista, CA  92083",Vista,Lakeside Union Elementary School District,692,0620790,762,(760) 631-6201,K-12,24812,,32.856747,-116.92582,National University Academy,062079012287,https://www.greatschools.org/california/vista/24812-National-University-Academy/?s_cid=gsapi,(760) 631-5842,https://www.greatschools.org/school/rating.page?state=CA&id=24812&s_cid=gsapi,https://www.greatschools.org/school/parentReviews.page?state=CA&id=24812&s_cid=gsapi,https://www.greatschools.org/modperl/achievement/CA/24812,CA,charter,www.nu.edu
"2301 North Broadway, 
Escondido, CA  92026",Escondido,Escondido Union School District,684,0612880,626,(760) 745-5230,K-5,5899,6,33.16104,-117.0929,North Broadway Elementary School,061288007704,https://www.greatschools.org/california/escondido/5899-North-Broadway-Elementary-School/?s_cid=gsapi,(760) 432-2479,https://www.greatschools.org/school/rating.page?state=CA&id=5899&s_cid=gsapi,https://www.greatschools.org/school/parentReviews.page?state=CA&id=5899&s_cid=gsapi,https://www.greatschools.org/modperl/achievement/CA/5899,CA,public,
"910 Melba Road, 
Encinitas, CA  92024",Encinitas,Encinitas Union Elementary School District,683,0612750,590,(760) 943-2025,K-6,5883,7,33.03986,-117.2725,Ocean Knoll Elementary School,061275001436,https://www.greatschools.org/california/encinitas/5883-Ocean-Knoll-Elementary-School/?s_cid=gsapi,(760) 944-4351,https://www.greatschools.org/school/rating.page?state=CA&id=5883&s_cid=gsapi,https://www.greatschools.org/school/parentReviews.page?state=CA&id=5883&s_cid=gsapi,https://www.greatschools.org/modperl/achievement/CA/5883,CA,public,www.eusd.k12.ca.us/ok
"5975 Village Center Loop Road, 
San Diego, CA  92130",San Diego,San Dieguito Union High,704,0634380,,,7-8,32178,,32.958862,-117.18625,Pacific Trails Middle,,https://www.greatschools.org/california/san-diego/32178-Pacific-Trails-Middle/?s_cid=gsapi,(858) 350-0253,https://www.greatschools.org/school/rating.page?state=CA&id=32178&s_cid=gsapi,https://www.greatschools.org/school/parentReviews.page?state=CA&id=32178&s_cid=gsapi,https://www.greatschools.org/modperl/achievement/CA/32178,CA,public,www.sduhsd.net/our-schools/pacific-trails-middle-school/index.html
"2900 Palmer Street, 
National City, CA  91950",National City,National Elementary,696,0626670,590,(619) 336-8955,K-6,5998,5,32.679607,-117.07479,Palmer Way,062667004050,https://www.greatschools.org/california/national-city/5998-Palmer-Way/?s_cid=gsapi,(619) 336-8900,https://www.greatschools.org/school/rating.page?state=CA&id=5998&s_cid=gsapi,https://www.greatschools.org/school/parentReviews.page?state=CA&id=5998&s_cid=gsapi,https://www.greatschools.org/modperl/achievement/CA/5998,CA,public,www.nsd.us
"12151 Calle Albara, 
El Cajon, CA  92019",El Cajon,Cajon Valley Union School District,676,0606810,588,(619) 579-4858,K-5,5821,9,32.753784,-116.93329,Rancho San Diego Elementary School,060681008802,https://www.greatschools.org/california/el-cajon/5821-Rancho-San-Diego-Elementary-School/?s_cid=gsapi,(619) 588-3211,https://www.greatschools.org/school/rating.page?state=CA&id=5821&s_cid=gsapi,https://www.greatschools.org/school/parentReviews.page?state=CA&id=5821&s_cid=gsapi,https://www.greatschools.org/modperl/achievement/CA/5821,CA,public,
"3535 Hacienda Drive, 
Oceanside, CA  92054",Oceanside,Oceanside Unified School District,697,0628250,382,(760) 757-3945,K-5,6019,3,33.219677,-117.33623,San Luis Rey Elementary School,062825004371,https://www.greatschools.org/california/oceanside/6019-San-Luis-Rey-Elementary-School/?s_cid=gsapi,(760) 721-2300,https://www.greatschools.org/school/rating.page?state=CA&id=6019&s_cid=gsapi,https://www.greatschools.org/school/parentReviews.page?state=CA&id=6019&s_cid=gsapi,https://www.greatschools.org/modperl/achievement/CA/6019,CA,public,www.slr.oside.us/
"22070 H Street, 
Santa Margarita, CA  93453",Santa Margarita,Atascadero Unified,768,0603300,280,(805) 438-3323,K-6,6772,7,35.390907,-120.6065,Santa Margarita Elementary School,060330000254,https://www.greatschools.org/california/santa-margarita/6772-Santa-Margarita-Elementary-School/?s_cid=gsapi,(805) 438-5633,https://www.greatschools.org/school/rating.page?state=CA&id=6772&s_cid=gsapi,https://www.greatschools.org/school/parentReviews.page?state=CA&id=6772&s_cid=gsapi,https://www.greatschools.org/modperl/achievement/CA/6772,CA,public,www.atasusd.org
"6570 El Apajo, 
Rancho Santa Fe, CA  92067",Rancho Santa Fe,Solana Beach Elementary School District,707,0636990,390,(858) 794-4750,K-6,6274,9,32.997086,-117.19246,Solana Santa Fe Elementary School,063699002691,https://www.greatschools.org/california/rancho-santa-fe/6274-Solana-Santa-Fe-Elementary-School/?s_cid=gsapi,(858) 794-4700,https://www.greatschools.org/school/rating.page?state=CA&id=6274&s_cid=gsapi,https://www.greatschools.org/school/parentReviews.page?state=CA&id=6274&s_cid=gsapi,https://www.greatschools.org/modperl/achievement/CA/6274,CA,public,http://www.sbsd.k12.ca.us/
"12440 Campo Road, 
Spring Valley, CA  91978",Spring Valley,Grossmont Union High School District,688,0616230,2195,(619) 660-7119,9-12,11835,7,32.72979,-116.9267,Steele Canyon High School,061623008594,https://www.greatschools.org/california/spring-valley/11835-Steele-Canyon-High-School/?s_cid=gsapi,(619) 660-3550,https://www.greatschools.org/school/rating.page?state=CA&id=11835&s_cid=gsapi,https://www.greatschools.org/school/parentReviews.page?state=CA&id=11835&s_cid=gsapi,https://www.greatschools.org/modperl/achievement/CA/11835,CA,charter,www.schscougars.org/
"8707 Adobe Bluffs Drive, 
San Diego, CA  92129",San Diego,Poway Unified School District,699,0631530,372,(858) 538-2749,K-5,6026,9,32.973183,-117.14038,Adobe Bluffs Elementary School,063153001203,https://www.greatschools.org/california/san-diego/6026-Adobe-Bluffs-Elementary-School/?s_cid=gsapi,(858) 538-8403,https://www.greatschools.org/school/rating.page?state=CA&id=6026&s_cid=gsapi,https://www.greatschools.org/school/parentReviews.page?state=CA&id=6026&s_cid=gsapi,https://www.greatschools.org/modperl/achievement/CA/6026,CA,public,www.powayusd.com/pusdabes
"12990 Paseo Lucido, 
San Diego, CA  92128",San Diego,Poway Unified School District,699,0631530,1449,(858) 485-4865,6-8,6027,9,32.99549,-117.06791,Bernardo Heights Middle School,063153009425,https://www.greatschools.org/california/san-diego/6027-Bernardo-Heights-Middle-School/?s_cid=gsapi,(858) 485-4850,https://www.greatschools.org/school/rating.page?state=CA&id=6027&s_cid=gsapi,https://www.greatschools.org/school/parentReviews.page?state=CA&id=6027&s_cid=gsapi,https://www.greatschools.org/modperl/achievement/CA/6027,CA,public,www.powayusd.com/pusdbhms
"9353 Oviedo Street, 
San Diego, CA  92129",San Diego,Poway Unified School District,699,0631530,1275,(858) 538-9440,6-8,6028,9,32.96767,-117.12636,Black Mountain Middle School,063153004884,https://www.greatschools.org/california/san-diego/6028-Black-Mountain-Middle-School/?s_cid=gsapi,(858) 484-1300,https://www.greatschools.org/school/rating.page?state=CA&id=6028&s_cid=gsapi,https://www.greatschools.org/school/parentReviews.page?state=CA&id=6028&s_cid=gsapi,https://www.greatschools.org/modperl/achievement/CA/6028,CA,public,www.powayusd.com/pusdbmms
"12025 Yale Court, 
Irvine, CA  92620",Irvine,Irvine Unified School District,477,0684500,795,(949) 936-6909,K-6,3813,9,33.726715,-117.75439,Canyon View Elementary School,068450007598,https://www.greatschools.org/california/irvine/3813-Canyon-View-Elementary-School/?s_cid=gsapi,(949) 936-6900,https://www.greatschools.org/school/rating.page?state=CA&id=3813&s_cid=gsapi,https://www.greatschools.org/school/parentReviews.page?state=CA&id=3813&s_cid=gsapi,https://www.greatschools.org/modperl/achievement/CA/3813,CA,public,www.iusd.org/cv
"37500 50th Street East, 
Palmdale, CA  93552",Palmdale,Palmdale Elementary School District,302,0629580,900,(661) 285-3702,K-6,2743,3,34.56215,-118.0407,Chaparral Elementary School,062958009173,https://www.greatschools.org/california/palmdale/2743-Chaparral-Elementary-School/?s_cid=gsapi,(661) 285-9777,https://www.greatschools.org/school/rating.page?state=CA&id=2743&s_cid=gsapi,https://www.greatschools.org/school/parentReviews.page?state=CA&id=2743&s_cid=gsapi,https://www.greatschools.org/modperl/achievement/CA/2743,CA,public,www.palmdalesd.org
"2515 Estate Drive, 
Stockton, CA  95209",Stockton,Lodi Unified School District,752,0622230,659,(209) 953-8296,PK-6,6556,3,38.041985,-121.34845,Creekside Elementary School,062223008879,https://www.greatschools.org/california/stockton/6556-Creekside-Elementary-School/?s_cid=gsapi,(209) 953-8285,https://www.greatschools.org/school/rating.page?state=CA&id=6556&s_cid=gsapi,https://www.greatschools.org/school/parentReviews.page?state=CA&id=6556&s_cid=gsapi,https://www.greatschools.org/modperl/achievement/CA/6556,CA,public,http://creekside.lodiusd.net/
"10225 Hamilton, 
Alta Loma, CA  91701",Alta Loma,Alta Loma Elementary,592,0602160,630,(909) 484-5035,K-6,4958,8,34.131256,-117.58383,Deer Canyon Elementary School,060216007640,https://www.greatschools.org/california/alta-loma/4958-Deer-Canyon-Elementary-School/?s_cid=gsapi,(909) 484-5030,https://www.greatschools.org/school/rating.page?state=CA&id=4958&s_cid=gsapi,https://www.greatschools.org/school/parentReviews.page?state=CA&id=4958&s_cid=gsapi,https://www.greatschools.org/modperl/achievement/CA/4958,CA,public,
"1301 El Dorado Street, 
Crescent City, CA  95531",Crescent City,Del Norte County Unified School District,69,0610770,904,(707) 464-0785,9-12,656,5,41.76731,-124.20917,Del Norte High School,061077001193,https://www.greatschools.org/california/crescent-city/656-Del-Norte-High-School/?s_cid=gsapi,(707) 464-0274,https://www.greatschools.org/school/rating.page?state=CA&id=656&s_cid=gsapi,https://www.greatschools.org/school/parentReviews.page?state=CA&id=656&s_cid=gsapi,https://www.greatschools.org/modperl/achievement/CA/656,CA,public,www.delnorte.k12.ca.us
"15665 Paseo Del Sur, 
San Diego, CA  92127",San Diego,Poway Unified School District,699,0631530,573,(858) 759-6915,K-5,24651,9,33.013035,-117.14731,Del Sur Elementary School,063153012196,https://www.greatschools.org/california/san-diego/24651-Del-Sur-Elementary-School/?s_cid=gsapi,(858) 674-6200,https://www.greatschools.org/school/rating.page?state=CA&id=24651&s_cid=gsapi,https://www.greatschools.org/school/parentReviews.page?state=CA&id=24651&s_cid=gsapi,https://www.greatschools.org/modperl/achievement/CA/24651,CA,public,www.powayusd.com/pusddses
"17050 Del Sur Ridge Road, 
San Diego, CA  92127",San Diego,Poway Unified School District,699,0631530,831,,K-6,31818,8,33.018238,-117.12351,Design 39 Campus,063153013729,https://www.greatschools.org/california/san-diego/31818-Design-39-Campus/?s_cid=gsapi,(858) 679-6639,https://www.greatschools.org/school/rating.page?state=CA&id=31818&s_cid=gsapi,https://www.greatschools.org/school/parentReviews.page?state=CA&id=31818&s_cid=gsapi,https://www.greatschools.org/modperl/achievement/CA/31818,CA,public,www.powayusd.com/pusddesign39/
"6811 Bisby Lake Drive, 
San Diego, CA  92119",San Diego,San Diego Unified School District,705,0634320,475,(619) 463-0534,K-5,6148,6,32.807384,-117.01427,Gage Elementary School,063432005467,https://www.greatschools.org/california/san-diego/6148-Gage-Elementary-School/?s_cid=gsapi,(619) 463-0202,https://www.greatschools.org/school/rating.page?state=CA&id=6148&s_cid=gsapi,https://www.greatschools.org/school/parentReviews.page?state=CA&id=6148&s_cid=gsapi,https://www.greatschools.org/modperl/achievement/CA/6148,CA,public,
"1460 West San Marcos Boulevard, 
San Marcos, CA  92078",San Marcos,Sbc - High Technical High,1220,0601322,325,(760) 759-2779,6-8,25134,5,33.13146,-117.20153,High Tech Middle North County School,060132212388,https://www.greatschools.org/california/san-marcos/25134-High-Tech-Middle-North-County-School/?s_cid=gsapi,(619) 243-5014,https://www.greatschools.org/school/rating.page?state=CA&id=25134&s_cid=gsapi,https://www.greatschools.org/school/parentReviews.page?state=CA&id=25134&s_cid=gsapi,https://www.greatschools.org/modperl/achievement/CA/25134,CA,charter,www.hightechhigh.org
"12001 Bona Vista Lane, 
Whittier, CA  90604",Whittier,South Whittier Elementary,316,0637560,387,(562) 941-5281,K-3,2949,5,33.92077,-118.03141,Los Altos Elementary School,063756006360,https://www.greatschools.org/california/whittier/2949-Los-Altos-Elementary-School/?s_cid=gsapi,(562) 941-3711,https://www.greatschools.org/school/rating.page?state=CA&id=2949&s_cid=gsapi,https://www.greatschools.org/school/parentReviews.page?state=CA&id=2949&s_cid=gsapi,https://www.greatschools.org/modperl/achievement/CA/2949,CA,public,
"3045 Felton Street, 
San Diego, CA  92104",San Diego,San Diego Unified School District,705,0634320,568,(619) 281-3478,K-5,6199,7,32.736626,-117.12114,McKinley Elementary School,063432005516,https://www.greatschools.org/california/san-diego/6199-McKinley-Elementary-School/?s_cid=gsapi,(619) 282-7694,https://www.greatschools.org/school/rating.page?state=CA&id=6199&s_cid=gsapi,https://www.greatschools.org/school/parentReviews.page?state=CA&id=6199&s_cid=gsapi,https://www.greatschools.org/modperl/achievement/CA/6199,CA,public,http://new.sandi.net/schools/mckinley/pages
"2850 Logan Ave,, 
San Diego, CA  92113",San Diego,San Diego Unified School District,705,0634320,413,(619) 231-7972,6-8,24726,3,32.697018,-117.13271,Memorial Scholars & Athletes School,063432012239,https://www.greatschools.org/california/san-diego/24726-Memorial-Scholars-&-Athletes-School/?s_cid=gsapi,(619) 344-4350,https://www.greatschools.org/school/rating.page?state=CA&id=24726&s_cid=gsapi,https://www.greatschools.org/school/parentReviews.page?state=CA&id=24726&s_cid=gsapi,https://www.greatschools.org/modperl/achievement/CA/24726,CA,public,
"15898 Central Street, 
Meridian, CA  95957",Meridian,Meridian Elementary,911,0624690,75,(530) 696-0406,K-8,7342,,39.143288,-121.90999,Meridian Elementary School,062469003704,https://www.greatschools.org/california/meridian/7342-Meridian-Elementary-School/?s_cid=gsapi,(530) 696-2604,https://www.greatschools.org/school/rating.page?state=CA&id=7342&s_cid=gsapi,https://www.greatschools.org/school/parentReviews.page?state=CA&id=7342&s_cid=gsapi,https://www.greatschools.org/modperl/achievement/CA/7342,CA,public,http://meridiantigers.com
"3230 Sweetwater Springs Boulevard, 
Spring Valley, CA  91977",Spring Valley,Grossmont Union High School District,688,0616230,1657,(619) 670-9749,9-12,5928,5,32.73774,-116.9737,Monte Vista High School,061623002024,https://www.greatschools.org/california/spring-valley/5928-Monte-Vista-High-School/?s_cid=gsapi,(619) 660-3000,https://www.greatschools.org/school/rating.page?state=CA&id=5928&s_cid=gsapi,https://www.greatschools.org/school/parentReviews.page?state=CA&id=5928&s_cid=gsapi,https://www.greatschools.org/modperl/achievement/CA/5928,CA,public,http://monarchs.guhsd.net/
"1570 Melody Lane, 
El Cajon, CA  92019",El Cajon,Cajon Valley Union School District,676,0606810,815,(619) 441-6122,6-8,5819,5,32.796505,-116.92542,Montgomery Middle School,060681000622,https://www.greatschools.org/california/el-cajon/5819-Montgomery-Middle-School/?s_cid=gsapi,(619) 588-3107,https://www.greatschools.org/school/rating.page?state=CA&id=5819&s_cid=gsapi,https://www.greatschools.org/school/parentReviews.page?state=CA&id=5819&s_cid=gsapi,https://www.greatschools.org/modperl/achievement/CA/5819,CA,public,http://www.cajonvalley.net/montgomery
"1010 Ramona Street, 
Ramona, CA  92065",Ramona,Ramona City Unified School District,700,0631710,225,,K-12,11107,8,33.026764,-116.878456,Mountain Valley Academy,063171008945,https://www.greatschools.org/california/ramona/11107-Mountain-Valley-Academy/?s_cid=gsapi,(760) 787-3600,https://www.greatschools.org/school/rating.page?state=CA&id=11107&s_cid=gsapi,https://www.greatschools.org/school/parentReviews.page?state=CA&id=11107&s_cid=gsapi,https://www.greatschools.org/modperl/achievement/CA/11107,CA,public,www.ramonausd.net/rcs
"1010 Kanan Road, 
Oak Park, CA  91377",Oak Park,Oak Park Unified,1017,0627850,522,(818) 707-4232,K-5,7636,9,34.17926,-118.77559,Oak Hills Elementary School,062785009415,https://www.greatschools.org/california/oak-park/7636-Oak-Hills-Elementary-School/?s_cid=gsapi,(818) 707-4224,https://www.greatschools.org/school/rating.page?state=CA&id=7636&s_cid=gsapi,https://www.greatschools.org/school/parentReviews.page?state=CA&id=7636&s_cid=gsapi,https://www.greatschools.org/modperl/achievement/CA/7636,CA,public,http://www.oakparkusd.org/ohes
"3670 Ocean Ranch Boulevard, 
Oceanside, CA  92056",Oceanside,Oceanside Unified School District,697,0628250,453,(760) 435-2666,K-12,11126,2,33.211174,-117.31342,Pacific View Charter School,062825008313,https://www.greatschools.org/california/oceanside/11126-Pacific-View-Charter-School/?s_cid=gsapi,(760) 757-0161,https://www.greatschools.org/school/rating.page?state=CA&id=11126&s_cid=gsapi,https://www.greatschools.org/school/parentReviews.page?state=CA&id=11126&s_cid=gsapi,https://www.greatschools.org/modperl/achievement/CA/11126,CA,charter,www.pacificview.org
"2050 Park Dale Lane, 
Encinitas, CA  92024",Encinitas,Encinitas Union Elementary School District,683,0612750,536,(760) 632-1692,K-6,5886,6,33.04636,-117.24311,Park Dale Lane Elementary School,061275001438,https://www.greatschools.org/california/encinitas/5886-Park-Dale-Lane-Elementary-School/?s_cid=gsapi,(760) 944-4344,https://www.greatschools.org/school/rating.page?state=CA&id=5886&s_cid=gsapi,https://www.greatschools.org/school/parentReviews.page?state=CA&id=5886&s_cid=gsapi,https://www.greatschools.org/modperl/achievement/CA/5886,CA,public,www.eusd.k12.ca.us/pd
"2335 Chatsworth Boulevard, 
San Diego, CA  92106",San Diego,San Diego Unified School District,705,0634320,1880,(619) 225-1298,9-12,6224,8,32.739647,-117.22614,Point Loma High School,063432005537,https://www.greatschools.org/california/san-diego/6224-Point-Loma-High-School/?s_cid=gsapi,(619) 223-3121,https://www.greatschools.org/school/rating.page?state=CA&id=6224&s_cid=gsapi,https://www.greatschools.org/school/parentReviews.page?state=CA&id=6224&s_cid=gsapi,https://www.greatschools.org/modperl/achievement/CA/6224,CA,public,www.pointlomahigh.com
"2611 North Potrero Avenue, 
El Monte, CA  91733",El Monte,El Monte City Elementary,272,0612090,996,(626) 443-8707,PK-8,1722,4,34.05936,-118.05573,Potrero Elementary School,061209001356,https://www.greatschools.org/california/el-monte/1722-Potrero-Elementary-School/?s_cid=gsapi,(626) 350-9386,https://www.greatschools.org/school/rating.page?state=CA&id=1722&s_cid=gsapi,https://www.greatschools.org/school/parentReviews.page?state=CA&id=1722&s_cid=gsapi,https://www.greatschools.org/modperl/achievement/CA/1722,CA,public,
"415 Eighth Street, 
Ramona, CA  92065",Ramona,Ramona City Unified School District,700,0631710,496,(760) 788-5110,K-6,6060,4,33.04225,-116.86518,Ramona Elementary School,063171004907,https://www.greatschools.org/california/ramona/6060-Ramona-Elementary-School/?s_cid=gsapi,(760) 787-4400,https://www.greatschools.org/school/rating.page?state=CA&id=6060&s_cid=gsapi,https://www.greatschools.org/school/parentReviews.page?state=CA&id=6060&s_cid=gsapi,https://www.greatschools.org/modperl/achievement/CA/6060,CA,public,
"6925 Tower Street, 
La Mesa, CA  91941",La Mesa,La Mesa-Spring Valley School District,694,0620250,561,(619) 668-5805,K-6,5975,7,32.76321,-117.04875,Rolando Elementary School,062025002443,https://www.greatschools.org/california/la-mesa/5975-Rolando-Elementary-School/?s_cid=gsapi,(619) 668-5800,https://www.greatschools.org/school/rating.page?state=CA&id=5975&s_cid=gsapi,https://www.greatschools.org/school/parentReviews.page?state=CA&id=5975&s_cid=gsapi,https://www.greatschools.org/modperl/achievement/CA/5975,CA,public,http://www.lmsvsd.k12.ca.us/schools/rol/rol_home.htm
"301 22nd Street, 
San Diego, CA  92102",San Diego,San Diego Unified School District,705,0634320,678,(619) 615-7090,K-5,6237,7,32.708405,-117.14393,Sherman Elementary School,063432005551,https://www.greatschools.org/california/san-diego/6237-Sherman-Elementary-School/?s_cid=gsapi,(619) 615-7000,https://www.greatschools.org/school/rating.page?state=CA&id=6237&s_cid=gsapi,https://www.greatschools.org/school/parentReviews.page?state=CA&id=6237&s_cid=gsapi,https://www.greatschools.org/modperl/achievement/CA/6237,CA,public,https://www.sandiegounified.org/schools/sherman
"6298 Radcliffe Drive, 
San Diego, CA  92122",San Diego,San Diego Unified School District,705,0634320,1072,(858) 546-7627,6-8,6240,8,32.852222,-117.20566,Standley Middle School,063432005554,https://www.greatschools.org/california/san-diego/6240-Standley-Middle-School/?s_cid=gsapi,(858) 455-0550,https://www.greatschools.org/school/rating.page?state=CA&id=6240&s_cid=gsapi,https://www.greatschools.org/school/parentReviews.page?state=CA&id=6240&s_cid=gsapi,https://www.greatschools.org/modperl/achievement/CA/6240,CA,public,http://www.sandi.net/standley
"16150 4s Ranch Parkway, 
San Diego, CA  92127",San Diego,Poway Unified School District,699,0631530,990,(858) 487-6225,K-5,14490,10,33.005333,-117.11706,Stone Ranch Elementary School,063153011133,https://www.greatschools.org/california/san-diego/14490-Stone-Ranch-Elementary-School/?s_cid=gsapi,(858) 487-8474,https://www.greatschools.org/school/rating.page?state=CA&id=14490&s_cid=gsapi,https://www.greatschools.org/school/parentReviews.page?state=CA&id=14490&s_cid=gsapi,https://www.greatschools.org/modperl/achievement/CA/14490,CA,public,www.powayusd.com/pusdsres
"2500 Elm Avenue, 
San Diego, CA  92154",San Diego,South Bay Union Elementary,703,0637380,503,(619) 628-8880,K-6,6084,3,32.581215,-117.07973,Sunnyslope Elementary School,063738006325,https://www.greatschools.org/california/san-diego/6084-Sunnyslope-Elementary-School/?s_cid=gsapi,(619) 628-8800,https://www.greatschools.org/school/rating.page?state=CA&id=6084&s_cid=gsapi,https://www.greatschools.org/school/parentReviews.page?state=CA&id=6084&s_cid=gsapi,https://www.greatschools.org/modperl/achievement/CA/6084,CA,public,http://sunnyslope.sbusd.org/
"6130 Skyline Drive, 
San Diego, CA  92114",San Diego,San Diego Unified School District,705,0634320,1700,(619) 263-4339,PK-12,6215,6,32.702038,-117.064644,The O'Farrell Charter School,063432010056,https://www.greatschools.org/california/san-diego/6215-The-O'Farrell-Charter-School/?s_cid=gsapi,(619) 263-3009,https://www.greatschools.org/school/rating.page?state=CA&id=6215&s_cid=gsapi,https://www.greatschools.org/school/parentReviews.page?state=CA&id=6215&s_cid=gsapi,https://www.greatschools.org/modperl/achievement/CA/6215,CA,charter,http://ofarrellschool.org/
"8350 Cliffridge Avenue, 
La Jolla, CA  92037",La Jolla,San Diego Unified School District,705,0634320,550,(858) 452-6923,K-5,6245,10,32.859158,-117.24407,Torrey Pines Elementary School,063432005561,https://www.greatschools.org/california/la-jolla/6245-Torrey-Pines-Elementary-School/?s_cid=gsapi,(858) 453-2323,https://www.greatschools.org/school/rating.page?state=CA&id=6245&s_cid=gsapi,https://www.greatschools.org/school/parentReviews.page?state=CA&id=6245&s_cid=gsapi,https://www.greatschools.org/modperl/achievement/CA/6245,CA,public,
"15855 Turtleback Road, 
San Diego, CA  92127",San Diego,Poway Unified School District,699,0631530,573,(858) 673-8884,K-5,6050,8,33.004963,-117.08817,Turtleback Elementary School,063153010007,https://www.greatschools.org/california/san-diego/6050-Turtleback-Elementary-School/?s_cid=gsapi,(858) 673-5514,https://www.greatschools.org/school/rating.page?state=CA&id=6050&s_cid=gsapi,https://www.greatschools.org/school/parentReviews.page?state=CA&id=6050&s_cid=gsapi,https://www.greatschools.org/modperl/achievement/CA/6050,CA,public,www.powayusd.com/pusdtes
"28751-U Cole Grade Road, 
Valley Center, CA  92082",Valley Center,Valley Center-Pauma Unified,1050,0600069,83,(760) 749-0767,K-12,12227,2,33.23602,-117.02144,Valley Center Prep,060006910646,https://www.greatschools.org/california/valley-center/12227-Valley-Center-Prep/?s_cid=gsapi,(760) 751-0455,https://www.greatschools.org/school/rating.page?state=CA&id=12227&s_cid=gsapi,https://www.greatschools.org/school/parentReviews.page?state=CA&id=12227&s_cid=gsapi,https://www.greatschools.org/modperl/achievement/CA/12227,CA,public,www.vcpusd.net/modules/cms/pages.phtml?pageid1049
"3443 Ediwhar Avenue, 
San Diego, CA  92123",San Diego,San Diego Unified School District,705,0634320,214,(858) 496-8109,K-5,6255,6,32.805603,-117.13494,Wegeforth Elementary School,063432005569,https://www.greatschools.org/california/san-diego/6255-Wegeforth-Elementary-School/?s_cid=gsapi,(858) 496-8274,https://www.greatschools.org/school/rating.page?state=CA&id=6255&s_cid=gsapi,https://www.greatschools.org/school/parentReviews.page?state=CA&id=6255&s_cid=gsapi,https://www.greatschools.org/modperl/achievement/CA/6255,CA,public,https://www.sandiegounified.org/schools/wegeforth
"8756 Mast Boulevard, 
Santee, CA  92071",Santee,Grossmont Union High School District,688,0616230,1958,(619) 562-9342,9-12,5932,8,32.84982,-117.01296,West Hills High School,061623009141,https://www.greatschools.org/california/santee/5932-West-Hills-High-School/?s_cid=gsapi,(619) 956-0400,https://www.greatschools.org/school/rating.page?state=CA&id=5932&s_cid=gsapi,https://www.greatschools.org/school/parentReviews.page?state=CA&id=5932&s_cid=gsapi,https://www.greatschools.org/modperl/achievement/CA/5932,CA,public,http://wolfpack.guhsd.net/
"1835 Gum Tree Lane, 
Fallbrook, CA  92028",Fallbrook,Fallbrook Union Elementary School District,686,0613500,649,(760) 731-2707,K-6,11099,4,33.387466,-117.22413,William H. Frazier Elementary School,061350008301,https://www.greatschools.org/california/fallbrook/11099-William-H.-Frazier-Elementary-School/?s_cid=gsapi,(760) 723-6770,https://www.greatschools.org/school/rating.page?state=CA&id=11099&s_cid=gsapi,https://www.greatschools.org/school/parentReviews.page?state=CA&id=11099&s_cid=gsapi,https://www.greatschools.org/modperl/achievement/CA/11099,CA,public,http://www.fuesd.k12.ca.us/Domain/45
"23925 Couna Way, 
Ramona, CA  92065",Ramona,Ramona City Unified School District,700,0631710,488,(760) 788-5358,K-6,6054,6,33.018105,-116.8121,Barnett Elementary School,063171001207,https://www.greatschools.org/california/ramona/6054-Barnett-Elementary-School/?s_cid=gsapi,(760) 787-3500,https://www.greatschools.org/school/rating.page?state=CA&id=6054&s_cid=gsapi,https://www.greatschools.org/school/parentReviews.page?state=CA&id=6054&s_cid=gsapi,https://www.greatschools.org/modperl/achievement/CA/6054,CA,public,http://bes.ramonausd.net/
"7055 Skyline Drive, 
San Diego, CA  92114",San Diego,San Diego Unified School District,705,0634320,418,(619) 527-4172,K-8,6147,5,32.70269,-117.04742,Fulton K-8,063432005466,https://www.greatschools.org/california/san-diego/6147-Fulton-K-8/?s_cid=gsapi,(619) 344-3200,https://www.greatschools.org/school/rating.page?state=CA&id=6147&s_cid=gsapi,https://www.greatschools.org/school/parentReviews.page?state=CA&id=6147&s_cid=gsapi,https://www.greatschools.org/modperl/achievement/CA/6147,CA,public,
"120 Hannalei Drive, 
Vista, CA  92083",Vista,Vista Unified School District,714,0641190,665,(760) 631-6254,K-5,12483,4,33.177444,-117.21713,Hannalei Elementary School,064119011280,https://www.greatschools.org/california/vista/12483-Hannalei-Elementary-School/?s_cid=gsapi,(760) 631-6248,https://www.greatschools.org/school/rating.page?state=CA&id=12483&s_cid=gsapi,https://www.greatschools.org/school/parentReviews.page?state=CA&id=12483&s_cid=gsapi,https://www.greatschools.org/modperl/achievement/CA/12483,CA,public,www.han.vistausd.org
"4275 Via Rancho Road, 
Oceanside, CA  92057",Oceanside,Oceanside Unified School District,697,0628250,775,(760) 967-4077,K-5,6004,8,33.219418,-117.30101,Ivey Ranch Elementary School,062825010311,https://www.greatschools.org/california/oceanside/6004-Ivey-Ranch-Elementary-School/?s_cid=gsapi,(760) 966-4800,https://www.greatschools.org/school/rating.page?state=CA&id=6004&s_cid=gsapi,https://www.greatschools.org/school/parentReviews.page?state=CA&id=6004&s_cid=gsapi,https://www.greatschools.org/modperl/achievement/CA/6004,CA,public,http://ivey.oside.us/
"8585 Blossom Lane, 
Spring Valley, CA  91977",Spring Valley,Grossmont Union High School District,688,0616230,1483,(619) 697-0794,9-12,5929,3,32.722828,-117.01692,Mount Miguel High School,061623002025,https://www.greatschools.org/california/spring-valley/5929-Mount-Miguel-High-School/?s_cid=gsapi,(619) 664-8400,https://www.greatschools.org/school/rating.page?state=CA&id=5929&s_cid=gsapi,https://www.greatschools.org/school/parentReviews.page?state=CA&id=5929&s_cid=gsapi,https://www.greatschools.org/modperl/achievement/CA/5929,CA,public,www.mountmiguelhs.org/
"4350 Mount Everest Boulevard, 
San Diego, CA  92117",San Diego,San Diego Unified School District,705,0634320,282,(858) 496-8797,K-12,11109,9,32.819992,-117.18719,Mt. Everest Academy,063432009437,https://www.greatschools.org/california/san-diego/11109-Mt.-Everest-Academy/?s_cid=gsapi,(858) 496-8778,https://www.greatschools.org/school/rating.page?state=CA&id=11109&s_cid=gsapi,https://www.greatschools.org/school/parentReviews.page?state=CA&id=11109&s_cid=gsapi,https://www.greatschools.org/modperl/achievement/CA/11109,CA,public,http://www.sandi.net/mteverest
"2120 San Diego Avenue, 
San Diego, CA  92110",San Diego,San Diego Unified School District,705,0634320,251,,K-8,25643,9,32.746616,-117.18901,Old Town Academy K-8 Charter,063432012786,https://www.greatschools.org/california/san-diego/25643-Old-Town-Academy-K-8-Charter/?s_cid=gsapi,(619) 574-6225,https://www.greatschools.org/school/rating.page?state=CA&id=25643&s_cid=gsapi,https://www.greatschools.org/school/parentReviews.page?state=CA&id=25643&s_cid=gsapi,https://www.greatschools.org/modperl/achievement/CA/25643,CA,charter,www.oldtownacademy.org
"5927 La Granada, 
Rancho Santa Fe, CA  92067",Rancho Santa Fe,Rancho Santa Fe Elementary,701,0631740,510,(858) 756-0712,PK-5,6062,9,33.020683,-117.20688,R. Roger Rowe Elementary School,063174004910,https://www.greatschools.org/california/rancho-santa-fe/6062-R.-Roger-Rowe-Elementary-School/?s_cid=gsapi,(858) 756-1141,https://www.greatschools.org/school/rating.page?state=CA&id=6062&s_cid=gsapi,https://www.greatschools.org/school/parentReviews.page?state=CA&id=6062&s_cid=gsapi,https://www.greatschools.org/modperl/achievement/CA/6062,CA,public,www.rsf.k12.ca.us
"5927 La Granada, 
Rancho Santa Fe, CA  92067",Rancho Santa Fe,Rancho Santa Fe Elementary,701,0631740,250,(858) 756-0712,6-8,6063,9,33.020683,-117.20688,R. Roger Rowe Middle School,063174004911,https://www.greatschools.org/california/rancho-santa-fe/6063-R.-Roger-Rowe-Middle-School/?s_cid=gsapi,(858) 756-1141,https://www.greatschools.org/school/rating.page?state=CA&id=6063&s_cid=gsapi,https://www.greatschools.org/school/parentReviews.page?state=CA&id=6063&s_cid=gsapi,https://www.greatschools.org/modperl/achievement/CA/6063,CA,public,http://www.rsf.k12.ca.us
"1010 Ramona Street, 
Ramona, CA  92065",Ramona,Ramona City Unified School District,700,0631710,241,,K-6,31816,7,33.026764,-116.878456,Ramona Community Montessori,,https://www.greatschools.org/california/ramona/31816-Ramona-Community-Montessori/?s_cid=gsapi,(760) 787-3600,https://www.greatschools.org/school/rating.page?state=CA&id=31816&s_cid=gsapi,https://www.greatschools.org/school/parentReviews.page?state=CA&id=31816&s_cid=gsapi,https://www.greatschools.org/modperl/achievement/CA/31816,CA,public,www.ramonausd.net/rcs
"9303 Prospect Avenue, 
Santee, CA  92071",Santee,Santee Elementary,702,0635880,572,(619) 956-5212,K-8,6070,6,32.833817,-116.9959,Pride Academy At Prospect Avenue,063588006143,https://www.greatschools.org/california/santee/6070-Pride-Academy-At-Prospect-Avenue/?s_cid=gsapi,(619) 956-5200,https://www.greatschools.org/school/rating.page?state=CA&id=6070&s_cid=gsapi,https://www.greatschools.org/school/parentReviews.page?state=CA&id=6070&s_cid=gsapi,https://www.greatschools.org/modperl/achievement/CA/6070,CA,public,www.santeesd.net
"420 Falconer Road, 
Escondido, CA  92027",Escondido,Escondido Union School District,684,0612880,,,4-6,32162,,33.143616,-117.03501,Quantum Academy,,https://www.greatschools.org/california/escondido/32162-Quantum-Academy/?s_cid=gsapi,(760) 432-2220,https://www.greatschools.org/school/rating.page?state=CA&id=32162&s_cid=gsapi,https://www.greatschools.org/school/parentReviews.page?state=CA&id=32162&s_cid=gsapi,https://www.greatschools.org/modperl/achievement/CA/32162,CA,public,http://qa.eusd.org/
"4133 Mount Albertine Avenue, 
San Diego, CA  92111",San Diego,San Diego Unified School District,705,0634320,512,(858) 292-0746,K-6,6187,6,32.81948,-117.16935,Lindbergh/Schweitzer Elementary School,063432005502,https://www.greatschools.org/california/san-diego/6187-Lindbergh-Schweitzer-Elementary-School/?s_cid=gsapi,(858) 496-8400,https://www.greatschools.org/school/rating.page?state=CA&id=6187&s_cid=gsapi,https://www.greatschools.org/school/parentReviews.page?state=CA&id=6187&s_cid=gsapi,https://www.greatschools.org/modperl/achievement/CA/6187,CA,public,https://www.sandiegounified.org/lindberghschweitzer
"6402 Inglewood Avenue, 
Stockton, CA  95207",Stockton,Stockton Unified School District,759,0638010,543,(209) 952-9208,K-8,6619,2,38.009415,-121.31458,Adams Elementary School,063801006398,https://www.greatschools.org/california/stockton/6619-Adams-Elementary-School/?s_cid=gsapi,(209) 933-7155,https://www.greatschools.org/school/rating.page?state=CA&id=6619&s_cid=gsapi,https://www.greatschools.org/school/parentReviews.page?state=CA&id=6619&s_cid=gsapi,https://www.greatschools.org/modperl/achievement/CA/6619,CA,public,
"458 26th Street, 
San Diego, CA  92102",San Diego,San Diego Unified School District,705,0634320,477,(619) 795-1180,6-8,16997,8,32.720245,-117.12944,Albert Einstein Academy Charter Middle,063432011766,https://www.greatschools.org/california/san-diego/16997-Albert-Einstein-Academy-Charter-Middle/?s_cid=gsapi,(619) 795-1190,https://www.greatschools.org/school/rating.page?state=CA&id=16997&s_cid=gsapi,https://www.greatschools.org/school/parentReviews.page?state=CA&id=16997&s_cid=gsapi,https://www.greatschools.org/modperl/achievement/CA/16997,CA,charter,www.aeacs.org
"458 26th Street, 
San Diego, CA  92102",San Diego,San Diego Unified School District,705,0634320,477,(619) 795-1180,6-8,16997,8,32.720245,-117.12944,Albert Einstein Academy Charter Middle,063432011766,https://www.greatschools.org/california/san-diego/16997-Albert-Einstein-Academy-Charter-Middle/?s_cid=gsapi,(619) 795-1190,https://www.greatschools.org/school/rating.page?state=CA&id=16997&s_cid=gsapi,https://www.greatschools.org/school/parentReviews.page?state=CA&id=16997&s_cid=gsapi,https://www.greatschools.org/modperl/achievement/CA/16997,CA,charter,www.aeacs.org
"1600 South Towne Avenue, 
Pomona, CA  91766",Pomona,Pomona Unified School District,305,0631320,967,(909) 623-4601,PK-6,2805,4,34.04296,-117.74082,Alcott Elementary School,063132004834,https://www.greatschools.org/california/pomona/2805-Alcott-Elementary-School/?s_cid=gsapi,(909) 397-4552,https://www.greatschools.org/school/rating.page?state=CA&id=2805&s_cid=gsapi,https://www.greatschools.org/school/parentReviews.page?state=CA&id=2805&s_cid=gsapi,https://www.greatschools.org/modperl/achievement/CA/2805,CA,public,www.pusd.org
"730 45th Street, 
San Diego, CA  92102",San Diego,San Diego Unified School District,705,0634320,255,,K-8,25641,6,32.712837,-117.09808,America's Finest Charter School,063432012854,https://www.greatschools.org/california/san-diego/25641-America's-Finest-Charter-School/?s_cid=gsapi,(619) 694-4809,https://www.greatschools.org/school/rating.page?state=CA&id=25641&s_cid=gsapi,https://www.greatschools.org/school/parentReviews.page?state=CA&id=25641&s_cid=gsapi,https://www.greatschools.org/modperl/achievement/CA/25641,CA,charter,http://americasfinestcharterschool.org/
"8450 Hurlbut Street, 
San Diego, CA  92123",San Diego,San Diego Unified School District,705,0634320,574,(858) 277-9279,K-5,6095,8,32.80616,-117.14535,Angier Elementary School,063432005410,https://www.greatschools.org/california/san-diego/6095-Angier-Elementary-School/?s_cid=gsapi,(858) 496-8295,https://www.greatschools.org/school/rating.page?state=CA&id=6095&s_cid=gsapi,https://www.greatschools.org/school/parentReviews.page?state=CA&id=6095&s_cid=gsapi,https://www.greatschools.org/modperl/achievement/CA/6095,CA,public,https://www.sandiegounified.org/schools/angier
"3773 El Cajon Boulevard, 
San Diego, CA  92105",San Diego,San Diego Unified School District,705,0634320,140,(619) 677-3018,9-12,17599,2,32.74966,-117.10967,Arroyo Paseo Charter High School,063432011912,https://www.greatschools.org/california/san-diego/17599-Arroyo-Paseo-Charter-High-School/?s_cid=gsapi,(619) 677-3017,https://www.greatschools.org/school/rating.page?state=CA&id=17599&s_cid=gsapi,https://www.greatschools.org/school/parentReviews.page?state=CA&id=17599&s_cid=gsapi,https://www.greatschools.org/modperl/achievement/CA/17599,CA,charter,www.arroyopaseohigh.org
"10170 Huennekens Street, 
San Diego, CA  92121",San Diego,San Diego Unified School District,705,0634320,759,(858) 552-9394,6-12,12040,,32.902767,-117.18408,Audeo Charter School,063432010634,https://www.greatschools.org/california/san-diego/12040-Audeo-Charter-School/?s_cid=gsapi,(858) 678-2050,https://www.greatschools.org/school/rating.page?state=CA&id=12040&s_cid=gsapi,https://www.greatschools.org/school/parentReviews.page?state=CA&id=12040&s_cid=gsapi,https://www.greatschools.org/modperl/achievement/CA/12040,CA,charter,http://www.audeocharterschool.net/
"8111 San Vicente, 
San Diego, CA  92114",San Diego,San Diego Unified School District,705,0634320,459,(619) 469-7859,K-8,6096,4,32.710266,-117.02981,Audubon K-8,063432005411,https://www.greatschools.org/california/san-diego/6096-Audubon-K-8/?s_cid=gsapi,(619) 344-5800,https://www.greatschools.org/school/rating.page?state=CA&id=6096&s_cid=gsapi,https://www.greatschools.org/school/parentReviews.page?state=CA&id=6096&s_cid=gsapi,https://www.greatschools.org/modperl/achievement/CA/6096,CA,public,
"12043 Exline Street, 
El Monte, CA  91732",El Monte,Mountain View Elementary,298,0626190,696,(626) 652-4715,K-5,2656,4,34.066154,-118.01632,Baker Elementary School,062619003911,https://www.greatschools.org/california/el-monte/2656-Baker-Elementary-School/?s_cid=gsapi,(626) 652-4700,https://www.greatschools.org/school/rating.page?state=CA&id=2656&s_cid=gsapi,https://www.greatschools.org/school/parentReviews.page?state=CA&id=2656&s_cid=gsapi,https://www.greatschools.org/modperl/achievement/CA/2656,CA,public,http://www.mtviewschools.com/schools/baker.asp
"1844 Bel Aire Drive, 
Glendale, CA  91201",Glendale,Glendale Unified School District,277,0615240,743,(818) 241-5557,K-6,1770,8,34.18032,-118.2855,Balboa Elementary School,061524001919,https://www.greatschools.org/california/glendale/1770-Balboa-Elementary-School/?s_cid=gsapi,(818) 241-1801,https://www.greatschools.org/school/rating.page?state=CA&id=1770&s_cid=gsapi,https://www.greatschools.org/school/parentReviews.page?state=CA&id=1770&s_cid=gsapi,https://www.greatschools.org/modperl/achievement/CA/1770,CA,public,http://www.gusd.net/
"2445 Fogg Street, 
San Diego, CA  92109",San Diego,San Diego Unified School District,705,0634320,440,(858) 800-5749,K-6,6099,8,32.802555,-117.225105,Barnard Elementary School,063432005414,https://www.greatschools.org/california/san-diego/6099-Barnard-Elementary-School/?s_cid=gsapi,(858) 800-5700,https://www.greatschools.org/school/rating.page?state=CA&id=6099&s_cid=gsapi,https://www.greatschools.org/school/parentReviews.page?state=CA&id=6099&s_cid=gsapi,https://www.greatschools.org/modperl/achievement/CA/6099,CA,public,http://barnardelementary.com/
"2433 Denver Street, 
San Diego, CA  92110",San Diego,San Diego Unified School District,705,0634320,433,(619) 276-3243,K-5,6100,9,32.786366,-117.20344,Bay Park Elementary School,063432005416,https://www.greatschools.org/california/san-diego/6100-Bay-Park-Elementary-School/?s_cid=gsapi,(619) 276-1471,https://www.greatschools.org/school/rating.page?state=CA&id=6100&s_cid=gsapi,https://www.greatschools.org/school/parentReviews.page?state=CA&id=6100&s_cid=gsapi,https://www.greatschools.org/modperl/achievement/CA/6100,CA,public,https://www.sandiegounified.org/schools/bay-park
"620 Briarwood Road, 
San Diego, CA  92139",San Diego,San Diego Unified School District,705,0634320,912,(619) 470-6054,6-8,6102,3,32.68912,-117.03848,Bell Middle School,063432005419,https://www.greatschools.org/california/san-diego/6102-Bell-Middle-School/?s_cid=gsapi,(619) 430-1000,https://www.greatschools.org/school/rating.page?state=CA&id=6102&s_cid=gsapi,https://www.greatschools.org/school/parentReviews.page?state=CA&id=6102&s_cid=gsapi,https://www.greatschools.org/modperl/achievement/CA/6102,CA,public,https://www.sandiegounified.org/schools/bell
"6269 Twin Lake Drive, 
San Diego, CA  92119",San Diego,San Diego Unified School District,705,0634320,559,(619) 697-8617,K-5,6103,10,32.79421,-117.03119,Benchley/Weinberger Elementary School,063432005570,https://www.greatschools.org/california/san-diego/6103-Benchley-Weinberger-Elementary-School/?s_cid=gsapi,(619) 463-9271,https://www.greatschools.org/school/rating.page?state=CA&id=6103&s_cid=gsapi,https://www.greatschools.org/school/parentReviews.page?state=CA&id=6103&s_cid=gsapi,https://www.greatschools.org/modperl/achievement/CA/6103,CA,public,
"6835 Benjamin Holt Road, 
San Diego, CA  92114",San Diego,San Diego Unified School District,705,0634320,647,(858) 475-5068,K-8,6104,7,32.689793,-117.05015,Bethune K-8,063432008963,https://www.greatschools.org/california/san-diego/6104-Bethune-K-8/?s_cid=gsapi,(619) 267-2271,https://www.greatschools.org/school/rating.page?state=CA&id=6104&s_cid=gsapi,https://www.greatschools.org/school/parentReviews.page?state=CA&id=6104&s_cid=gsapi,https://www.greatschools.org/modperl/achievement/CA/6104,CA,public,
"5371 La Jolla Hermosa Avenue, 
La Jolla, CA  92037",La Jolla,San Diego Unified School District,705,0634320,520,(858) 539-0541,K-5,6105,10,32.811016,-117.26502,Bird Rock Elementary School,063432005421,https://www.greatschools.org/california/la-jolla/6105-Bird-Rock-Elementary-School/?s_cid=gsapi,(858) 488-0537,https://www.greatschools.org/school/rating.page?state=CA&id=6105&s_cid=gsapi,https://www.greatschools.org/school/parentReviews.page?state=CA&id=6105&s_cid=gsapi,https://www.greatschools.org/modperl/achievement/CA/6105,CA,public,https://www.sandiegounified.org/schools/bird-rock
"3034 East Cornell Avenue, 
Fresno, CA  93703",Fresno,Fresno Unified School District,99,0614550,818,(559) 244-0433,K-6,799,4,36.777046,-119.77376,Birney Elementary School,061455001708,https://www.greatschools.org/california/fresno/799-Birney-Elementary-School/?s_cid=gsapi,(559) 248-7000,https://www.greatschools.org/school/rating.page?state=CA&id=799&s_cid=gsapi,https://www.greatschools.org/school/parentReviews.page?state=CA&id=799&s_cid=gsapi,https://www.greatschools.org/modperl/achievement/CA/799,CA,public,http://www.fresno.k12.ca.us
"7330 Brookhaven Road, 
San Diego, CA  92114",San Diego,San Diego Unified School District,705,0634320,523,(619) 470-6529,K-5,6107,5,32.695778,-117.037,Boone Elementary School,063432005423,https://www.greatschools.org/california/san-diego/6107-Boone-Elementary-School/?s_cid=gsapi,(619) 344-6000,https://www.greatschools.org/school/rating.page?state=CA&id=6107&s_cid=gsapi,https://www.greatschools.org/school/parentReviews.page?state=CA&id=6107&s_cid=gsapi,https://www.greatschools.org/modperl/achievement/CA/6107,CA,public,http://new.sandi.net/schools/boone
"1135 Paradise Road, 
Modesto, CA  95351",Modesto,Modesto City Elementary,888,0625130,758,(209) 576-4859,K-6,7239,2,37.619873,-121.02534,Burbank Elementary School,062513003728,https://www.greatschools.org/california/modesto/7239-Burbank-Elementary-School/?s_cid=gsapi,(209) 576-4709,https://www.greatschools.org/school/rating.page?state=CA&id=7239&s_cid=gsapi,https://www.greatschools.org/school/parentReviews.page?state=CA&id=7239&s_cid=gsapi,https://www.greatschools.org/modperl/achievement/CA/7239,CA,public,https://burbank.mcs4kids.com/
"601 Crespi Drive, 
Pacifica, CA  94044",Pacifica,Pacifica,788,0620460,554,(650) 738-2870,K-8,6884,8,37.598495,-122.49832,Cabrillo Elementary School,062046002458,https://www.greatschools.org/california/pacifica/6884-Cabrillo-Elementary-School/?s_cid=gsapi,(650) 738-6660,https://www.greatschools.org/school/rating.page?state=CA&id=6884&s_cid=gsapi,https://www.greatschools.org/school/parentReviews.page?state=CA&id=6884&s_cid=gsapi,https://www.greatschools.org/modperl/achievement/CA/6884,CA,public,www.pacificasd.org
"4370 Kamloop Avenue, 
San Diego, CA  92117",San Diego,San Diego Unified School District,705,0634320,183,(858) 273-3907,K-5,6111,8,32.821323,-117.21533,Cadman Elementary School,063432005428,https://www.greatschools.org/california/san-diego/6111-Cadman-Elementary-School/?s_cid=gsapi,(858) 397-6500,https://www.greatschools.org/school/rating.page?state=CA&id=6111&s_cid=gsapi,https://www.greatschools.org/school/parentReviews.page?state=CA&id=6111&s_cid=gsapi,https://www.greatschools.org/modperl/achievement/CA/6111,CA,public,https://www.sandiegounified.org/schools/cadman
"6905 Kramer Street, 
San Diego, CA  92111",San Diego,San Diego Unified School District,705,0634320,474,(858) 496-8358,K-5,6112,6,32.775917,-117.17098,Carson Elementary School,063432005429,https://www.greatschools.org/california/san-diego/6112-Carson-Elementary-School/?s_cid=gsapi,(858) 397-6900,https://www.greatschools.org/school/rating.page?state=CA&id=6112&s_cid=gsapi,https://www.greatschools.org/school/parentReviews.page?state=CA&id=6112&s_cid=gsapi,https://www.greatschools.org/modperl/achievement/CA/6112,CA,public,http://www.sandi.net/carson
"1425 East 120th Street, 
Los Angeles, CA  90059",Los Angeles,Compton Unified,263,0609620,379,(323) 569-7133,K-7,1591,4,33.923763,-118.25003,Carver Elementary School,060962000974,https://www.greatschools.org/california/los-angeles/1591-Carver-Elementary-School/?s_cid=gsapi,(310) 898-6150,https://www.greatschools.org/school/rating.page?state=CA&id=1591&s_cid=gsapi,https://www.greatschools.org/school/parentReviews.page?state=CA&id=1591&s_cid=gsapi,https://www.greatschools.org/modperl/achievement/CA/1591,CA,public,www.compton.k12.ca.us
"1290 Ebony Avenue, 
Imperial Beach, CA  91932",Imperial Beach,South Bay Union Elementary,703,0637380,551,(619) 628-5080,K-6,6076,2,32.57753,-117.1059,Central Elementary School,063738006317,https://www.greatschools.org/california/imperial-beach/6076-Central-Elementary-School/?s_cid=gsapi,(619) 628-5000,https://www.greatschools.org/school/rating.page?state=CA&id=6076&s_cid=gsapi,https://www.greatschools.org/school/parentReviews.page?state=CA&id=6076&s_cid=gsapi,https://www.greatschools.org/modperl/achievement/CA/6076,CA,public,http://central.sbusd.org/
"41725 North 170th Street, East, 
East
Lancaster, CA  93535",Lancaster,Wilsona Elementary,324,0642810,578,(661) 264-1793,5-8,3043,4,34.64401,-117.82732,Challenger Middle School,064281009208,https://www.greatschools.org/california/lancaster/3043-Challenger-Middle-School/?s_cid=gsapi,(661) 264-1790,https://www.greatschools.org/school/rating.page?state=CA&id=3043&s_cid=gsapi,https://www.greatschools.org/school/parentReviews.page?state=CA&id=3043&s_cid=gsapi,https://www.greatschools.org/modperl/achievement/CA/3043,CA,public,
"10170 Huennekens Street, 
San Diego, CA  92121",San Diego,San Diego Unified School District,705,0634320,2767,(619) 552-6660,7-12,11111,,32.902767,-117.18408,Charter School of San Diego,063432003939,https://www.greatschools.org/california/san-diego/11111-Charter-School-Of-San-Diego/?s_cid=gsapi,(858) 678-2020,https://www.greatschools.org/school/rating.page?state=CA&id=11111&s_cid=gsapi,https://www.greatschools.org/school/parentReviews.page?state=CA&id=11111&s_cid=gsapi,https://www.greatschools.org/modperl/achievement/CA/11111,CA,charter,www.charterschool-sandiego.net
"1404 South 40th Street, 
San Diego, CA  92113",San Diego,San Diego Unified School District,705,0634320,489,(619) 362-3249,K-5,6116,3,32.691597,-117.11027,Chavez Elementary School,063432007322,https://www.greatschools.org/california/san-diego/6116-Chavez-Elementary-School/?s_cid=gsapi,(619) 362-3200,https://www.greatschools.org/school/rating.page?state=CA&id=6116&s_cid=gsapi,https://www.greatschools.org/school/parentReviews.page?state=CA&id=6116&s_cid=gsapi,https://www.greatschools.org/modperl/achievement/CA/6116,CA,public,http://new.sandi.net/schools/chavez
"3735 38th Street, 
San Diego, CA  92105",San Diego,San Diego Unified School District,705,0634320,476,(619) 282-2665,K-5,14627,4,32.747185,-117.11186,Cherokee Point Elementary School,063432011383,https://www.greatschools.org/california/san-diego/14627-Cherokee-Point-Elementary-School/?s_cid=gsapi,(619) 641-3400,https://www.greatschools.org/school/rating.page?state=CA&id=14627&s_cid=gsapi,https://www.greatschools.org/school/parentReviews.page?state=CA&id=14627&s_cid=gsapi,https://www.greatschools.org/modperl/achievement/CA/14627,CA,public,new.sandi.net/schools/cherokeepoint
"7335 Wheatley Street, 
San Diego, CA  92111",San Diego,San Diego Unified School District,705,0634320,450,(858) 571-5766,K-5,6117,9,32.793327,-117.16284,Chesterton Elementary School,063432005432,https://www.greatschools.org/california/san-diego/6117-Chesterton-Elementary-School/?s_cid=gsapi,(858) 496-8070,https://www.greatschools.org/school/rating.page?state=CA&id=6117&s_cid=gsapi,https://www.greatschools.org/school/parentReviews.page?state=CA&id=6117&s_cid=gsapi,https://www.greatschools.org/modperl/achievement/CA/6117,CA,public,
"401 North 45th Street, 
San Diego, CA  92102",San Diego,San Diego Unified School District,705,0634320,641,(619) 262-2352,K-5,6118,6,32.71053,-117.09788,Chollas/Mead Elementary School,063432005433,https://www.greatschools.org/california/san-diego/6118-Chollas-Mead-Elementary-School/?s_cid=gsapi,(619) 262-7526,https://www.greatschools.org/school/rating.page?state=CA&id=6118&s_cid=gsapi,https://www.greatschools.org/school/parentReviews.page?state=CA&id=6118&s_cid=gsapi,https://www.greatschools.org/modperl/achievement/CA/6118,CA,public,
"120 West Regent Street, 
Inglewood, CA  90301",Inglewood,Inglewood Unified School District,283,0618390,227,(310) 330-5209,10-12,11952,7,33.959084,-118.35625,City Honors College Preparatory Charter School,061839008716,https://www.greatschools.org/california/inglewood/11952-City-Honors-College-Preparatory-Charter-School/?s_cid=gsapi,(310) 680-4880,https://www.greatschools.org/school/rating.page?state=CA&id=11952&s_cid=gsapi,https://www.greatschools.org/school/parentReviews.page?state=CA&id=11952&s_cid=gsapi,https://www.greatschools.org/modperl/achievement/CA/11952,CA,public,http://www.cityhonorshs.org/
"4150 Ute Drive, 
San Diego, CA  92117",San Diego,San Diego Unified School District,705,0634320,1067,(858) 272-4219,9-12,6119,6,32.807014,-117.20303,Clairemont High School,063432005434,https://www.greatschools.org/california/san-diego/6119-Clairemont-High-School/?s_cid=gsapi,(858) 273-0201,https://www.greatschools.org/school/rating.page?state=CA&id=6119&s_cid=gsapi,https://www.greatschools.org/school/parentReviews.page?state=CA&id=6119&s_cid=gsapi,https://www.greatschools.org/modperl/achievement/CA/6119,CA,public,http://www.sandiegounified.org/clairemont
"4388 Thorn Street, 
San Diego, CA  92105",San Diego,San Diego Unified School District,705,0634320,1036,(619) 563-9653,6-8,6120,3,32.740288,-117.10004,Clark Middle School,063432007316,https://www.greatschools.org/california/san-diego/6120-Clark-Middle-School/?s_cid=gsapi,(619) 344-4200,https://www.greatschools.org/school/rating.page?state=CA&id=6120&s_cid=gsapi,https://www.greatschools.org/school/parentReviews.page?state=CA&id=6120&s_cid=gsapi,https://www.greatschools.org/modperl/achievement/CA/6120,CA,public,
"12449 South Smith Avenue, 
Kingsburg, CA  93631",Kingsburg,Clay Joint Elementary,91,0608850,250,(559) 897-2280,K-8,734,8,36.553226,-119.50333,Clay Elementary School,060885000897,https://www.greatschools.org/california/kingsburg/734-Clay-Elementary-School/?s_cid=gsapi,(559) 897-4185,https://www.greatschools.org/school/rating.page?state=CA&id=734&s_cid=gsapi,https://www.greatschools.org/school/parentReviews.page?state=CA&id=734&s_cid=gsapi,https://www.greatschools.org/modperl/achievement/CA/734,CA,public,
"4302 Valeta Street, 
San Diego, CA  92107",San Diego,San Diego Unified School District,705,0634320,838,(619) 221-0147,7-8,6122,8,32.748127,-117.23182,Correia Middle School,063432005437,https://www.greatschools.org/california/san-diego/6122-Correia-Middle-School/?s_cid=gsapi,(619) 222-0476,https://www.greatschools.org/school/rating.page?state=CA&id=6122&s_cid=gsapi,https://www.greatschools.org/school/parentReviews.page?state=CA&id=6122&s_cid=gsapi,https://www.greatschools.org/modperl/achievement/CA/6122,CA,public,http://www.correiamiddle.com/
"4191 Colts Way, 
San Diego, CA  92115",San Diego,San Diego Unified School District,705,0634320,1161,(619) 229-9225,9-12,14261,3,32.752148,-117.07598,Crawford High School,063432011149,https://www.greatschools.org/california/san-diego/14261-Crawford-High-School/?s_cid=gsapi,(619) 362-3700,https://www.greatschools.org/school/rating.page?state=CA&id=14261&s_cid=gsapi,https://www.greatschools.org/school/parentReviews.page?state=CA&id=14261&s_cid=gsapi,https://www.greatschools.org/modperl/achievement/CA/14261,CA,public,
"5050 Conrad Avenue, 
San Diego, CA  92117",San Diego,San Diego Unified School District,705,0634320,920,(858) 278-7462,6-8,12450,5,32.838463,-117.18203,"Creative, Performing, and Media Arts School",063432010635,"https://www.greatschools.org/california/san-diego/12450-Creative,-Performing,-And-Media-Arts-School/?s_cid=gsapi",(858) 800-5550,https://www.greatschools.org/school/rating.page?state=CA&id=12450&s_cid=gsapi,https://www.greatschools.org/school/parentReviews.page?state=CA&id=12450&s_cid=gsapi,https://www.greatschools.org/modperl/achievement/CA/12450,CA,public,
"4033 Ingraham Street, 
San Diego, CA  92109",San Diego,San Diego Unified School District,705,0634320,402,(858) 274-5165,PK-5,6124,6,32.793446,-117.23798,Crown Point Jr Music Academy,063432005440,https://www.greatschools.org/california/san-diego/6124-Crown-Point-Jr-Music-Academy/?s_cid=gsapi,(858) 273-9830,https://www.greatschools.org/school/rating.page?state=CA&id=6124&s_cid=gsapi,https://www.greatschools.org/school/parentReviews.page?state=CA&id=6124&s_cid=gsapi,https://www.greatschools.org/modperl/achievement/CA/6124,CA,public,http://new.sandi.net/schools/crownpoint
"3201 Marathon Drive, 
San Diego, CA  92123",San Diego,San Diego Unified School District,705,0634320,180,(858) 496-8325,K-5,6125,8,32.80208,-117.12637,Cubberley Elementary School,063432005441,https://www.greatschools.org/california/san-diego/6125-Cubberley-Elementary-School/?s_cid=gsapi,(858) 496-8075,https://www.greatschools.org/school/rating.page?state=CA&id=6125&s_cid=gsapi,https://www.greatschools.org/school/parentReviews.page?state=CA&id=6125&s_cid=gsapi,https://www.greatschools.org/modperl/achievement/CA/6125,CA,public,https://www.sandiegounified.org/schools/cubberley
"4080 Governor Drive, 
San Diego, CA  92122",San Diego,San Diego Unified School District,705,0634320,571,(858) 546-3972,K-5,6126,10,32.855904,-117.203,Curie Elementary School,063432005442,https://www.greatschools.org/california/san-diego/6126-Curie-Elementary-School/?s_cid=gsapi,(858) 453-4184,https://www.greatschools.org/school/rating.page?state=CA&id=6126&s_cid=gsapi,https://www.greatschools.org/school/parentReviews.page?state=CA&id=6126&s_cid=gsapi,https://www.greatschools.org/modperl/achievement/CA/6126,CA,public,
"6425 Cibola Road, 
San Diego, CA  92120",San Diego,San Diego Unified School District,705,0634320,534,(619) 288-8395,K-5,6127,10,32.804455,-117.05394,Dailard Elementary School,063432005443,https://www.greatschools.org/california/san-diego/6127-Dailard-Elementary-School/?s_cid=gsapi,(619) 286-1550,https://www.greatschools.org/school/rating.page?state=CA&id=6127&s_cid=gsapi,https://www.greatschools.org/school/parentReviews.page?state=CA&id=6127&s_cid=gsapi,https://www.greatschools.org/modperl/achievement/CA/6127,CA,public,http://www.dailard.org/
"1775 Chatsworth Boulevard, 
San Diego, CA  92106",San Diego,San Diego Unified School District,705,0634320,821,(619) 225-3878,5-6,6128,7,32.732418,-117.23526,Dana,063432007683,https://www.greatschools.org/california/san-diego/6128-Dana/?s_cid=gsapi,(619) 225-3897,https://www.greatschools.org/school/rating.page?state=CA&id=6128&s_cid=gsapi,https://www.greatschools.org/school/parentReviews.page?state=CA&id=6128&s_cid=gsapi,https://www.greatschools.org/modperl/achievement/CA/6128,CA,public,
"6020 Hughes Street, 
San Diego, CA  92115",San Diego,San Diego Unified School District,705,0634320,639,(619) 287-4732,K-8,6129,4,32.747337,-117.06764,Darnall Charter School,063432001220,https://www.greatschools.org/california/san-diego/6129-Darnall-Charter-School/?s_cid=gsapi,(619) 582-1822,https://www.greatschools.org/school/rating.page?state=CA&id=6129&s_cid=gsapi,https://www.greatschools.org/school/parentReviews.page?state=CA&id=6129&s_cid=gsapi,https://www.greatschools.org/modperl/achievement/CA/6129,CA,charter,http://darnallcharter.org
"11010 Clairemont Mesa Boulevard, 
San Diego, CA  92124",San Diego,San Diego Unified School District,705,0634320,969,(858) 576-4419,6-8,6130,8,32.828022,-117.09201,De Portola Middle School,063432008964,https://www.greatschools.org/california/san-diego/6130-De-Portola-Middle-School/?s_cid=gsapi,(858) 496-8080,https://www.greatschools.org/school/rating.page?state=CA&id=6130&s_cid=gsapi,https://www.greatschools.org/school/parentReviews.page?state=CA&id=6130&s_cid=gsapi,https://www.greatschools.org/modperl/achievement/CA/6130,CA,public,http://www.sandi.net/
"3251 Rosecrans Street, 
San Diego, CA  92110",San Diego,San Diego Unified School District,705,0634320,350,(619) 430-1849,K-4,6131,8,32.746624,-117.20737,Dewey Elementary School,063432005447,https://www.greatschools.org/california/san-diego/6131-Dewey-Elementary-School/?s_cid=gsapi,(619) 430-1800,https://www.greatschools.org/school/rating.page?state=CA&id=6131&s_cid=gsapi,https://www.greatschools.org/school/parentReviews.page?state=CA&id=6131&s_cid=gsapi,https://www.greatschools.org/modperl/achievement/CA/6131,CA,public,https://www.sandiegounified.org/schools/dewey
"11840 Scripps Creek Drive, 
San Diego, CA  92131",San Diego,San Diego Unified School District,705,0634320,832,(858) 635-8948,K-5,6132,10,32.933666,-117.09121,Dingeman Elementary School,063432005330,https://www.greatschools.org/california/san-diego/6132-Dingeman-Elementary-School/?s_cid=gsapi,(858) 549-4437,https://www.greatschools.org/school/rating.page?state=CA&id=6132&s_cid=gsapi,https://www.greatschools.org/school/parentReviews.page?state=CA&id=6132&s_cid=gsapi,https://www.greatschools.org/modperl/achievement/CA/6132,CA,public,www.dingeman.net
"3950 Berino Court, 
San Diego, CA  92122",San Diego,San Diego Unified School District,705,0634320,898,(858) 455-9486,K-5,6133,9,32.863663,-117.22185,Doyle Elementary School,063432005448,https://www.greatschools.org/california/san-diego/6133-Doyle-Elementary-School/?s_cid=gsapi,(858) 455-6230,https://www.greatschools.org/school/rating.page?state=CA&id=6133&s_cid=gsapi,https://www.greatschools.org/school/parentReviews.page?state=CA&id=6133&s_cid=gsapi,https://www.greatschools.org/modperl/achievement/CA/6133,CA,public,doylepta.com
"1270 Rock Springs Road, 
San Marcos, CA  92069",San Marcos,San Marcos Unified School District,706,0634880,1305,(760) 741-6178,6-8,6270,7,33.147404,-117.12959,Woodland Park Middle School,063488005895,https://www.greatschools.org/california/san-marcos/6270-Woodland-Park-Middle-School/?s_cid=gsapi,(760) 290-2455,https://www.greatschools.org/school/rating.page?state=CA&id=6270&s_cid=gsapi,https://www.greatschools.org/school/parentReviews.page?state=CA&id=6270&s_cid=gsapi,https://www.greatschools.org/modperl/achievement/CA/6270,CA,public,www.smusd.org
"1955 Hillside Drive, 
Chula Vista, CA  91913",Chula Vista,Chula Vista Elementary School District,677,0608610,561,(619) 421-4516,K-6,5832,7,32.657513,-116.98517,Eastlake Elementary School,060861009529,https://www.greatschools.org/california/chula-vista/5832-Eastlake-Elementary-School/?s_cid=gsapi,(619) 421-4798,https://www.greatschools.org/school/rating.page?state=CA&id=5832&s_cid=gsapi,https://www.greatschools.org/school/parentReviews.page?state=CA&id=5832&s_cid=gsapi,https://www.greatschools.org/modperl/achievement/CA/5832,CA,public,http://schools.cvesd.org/schools/eastlake/
"851 South Johnson Avenue, 
El Cajon, CA  92020",El Cajon,Cajon Valley Union School District,676,0606810,513,(619) 401-4151,K-5,13679,7,32.780354,-116.96007,Eje Elementary Academy Charter,060681011124,https://www.greatschools.org/california/el-cajon/13679-Eje-Elementary-Academy-Charter/?s_cid=gsapi,(619) 401-4150,https://www.greatschools.org/school/rating.page?state=CA&id=13679&s_cid=gsapi,https://www.greatschools.org/school/parentReviews.page?state=CA&id=13679&s_cid=gsapi,https://www.greatschools.org/modperl/achievement/CA/13679,CA,charter,www.ejeacademies.org
"2000 East Division Street, 
National City, CA  91950",National City,National Elementary,696,0626670,495,(619) 336-8055,K-6,5990,4,32.688488,-117.08891,El Toyon Elementary School,062667004043,https://www.greatschools.org/california/national-city/5990-El-Toyon-Elementary-School/?s_cid=gsapi,(619) 336-8000,https://www.greatschools.org/school/rating.page?state=CA&id=5990&s_cid=gsapi,https://www.greatschools.org/school/parentReviews.page?state=CA&id=5990&s_cid=gsapi,https://www.greatschools.org/modperl/achievement/CA/5990,CA,public,
"1221 South Emerald Avenue, 
El Cajon, CA  92020",El Cajon,Cajon Valley Union School District,676,0606810,537,(619) 588-3225,6-8,5807,4,32.778996,-116.96872,Emerald Middle School,060681000612,https://www.greatschools.org/california/el-cajon/5807-Emerald-Middle-School/?s_cid=gsapi,(619) 588-3097,https://www.greatschools.org/school/rating.page?state=CA&id=5807&s_cid=gsapi,https://www.greatschools.org/school/parentReviews.page?state=CA&id=5807&s_cid=gsapi,https://www.greatschools.org/modperl/achievement/CA/5807,CA,public,
"1915 Coronado Avenue, 
San Diego, CA  92154",San Diego,South Bay Union Elementary,703,0637380,632,(619) 928-5380,K-6,6077,5,32.575665,-117.09161,Emory Elementary School,063738006318,https://www.greatschools.org/california/san-diego/6077-Emory-Elementary-School/?s_cid=gsapi,(619) 628-5300,https://www.greatschools.org/school/rating.page?state=CA&id=6077&s_cid=gsapi,https://www.greatschools.org/school/parentReviews.page?state=CA&id=6077&s_cid=gsapi,https://www.greatschools.org/modperl/achievement/CA/6077,CA,public,http://emory.sbusd.org/
"4850 Avenida Empresa, 
Oceanside, CA  92056",Oceanside,Vista Unified School District,714,0641190,811,(760) 940-1578,K-5,6317,7,33.22411,-117.28804,Empresa Elementary School,064119009652,https://www.greatschools.org/california/oceanside/6317-Empresa-Elementary-School/?s_cid=gsapi,(760) 940-8454,https://www.greatschools.org/school/rating.page?state=CA&id=6317&s_cid=gsapi,https://www.greatschools.org/school/parentReviews.page?state=CA&id=6317&s_cid=gsapi,https://www.greatschools.org/modperl/achievement/CA/6317,CA,public,www.emp.vistausd.org
"822 65th Street, 
San Diego, CA  92114",San Diego,San Diego Unified School District,705,0634320,504,(619) 264-5484,K-5,6136,5,32.714916,-117.05901,Encanto Elementary School,063432005452,https://www.greatschools.org/california/san-diego/6136-Encanto-Elementary-School/?s_cid=gsapi,(619) 344-6700,https://www.greatschools.org/school/rating.page?state=CA&id=6136&s_cid=gsapi,https://www.greatschools.org/school/parentReviews.page?state=CA&id=6136&s_cid=gsapi,https://www.greatschools.org/modperl/achievement/CA/6136,CA,public,http://www.sandi.net/Encanto
"6134 Benson Avenue, 
San Diego, CA  92114",San Diego,San Diego Unified School District,705,0634320,270,,K-8,31084,2,32.705696,-117.065,Epiphany Prep Charter,063432013053,https://www.greatschools.org/california/san-diego/31084-Epiphany-Prep-Charter/?s_cid=gsapi,(619) 766-2180,https://www.greatschools.org/school/rating.page?state=CA&id=31084&s_cid=gsapi,https://www.greatschools.org/school/parentReviews.page?state=CA&id=31084&s_cid=gsapi,https://www.greatschools.org/modperl/achievement/CA/31084,CA,charter,http://www.epiphanyprep.org/
"1120 South Euclid Avenue, 
Ontario, CA  91762",Ontario,Ontario-Montclair Elementary School District,612,0628470,611,(909) 459-2769,K-6,5179,3,34.052303,-117.65116,Euclid Elementary School,062847004398,https://www.greatschools.org/california/ontario/5179-Euclid-Elementary-School/?s_cid=gsapi,(909) 984-5119,https://www.greatschools.org/school/rating.page?state=CA&id=5179&s_cid=gsapi,https://www.greatschools.org/school/parentReviews.page?state=CA&id=5179&s_cid=gsapi,https://www.greatschools.org/modperl/achievement/CA/5179,CA,public,
"405 West Fallbrook Street, 
Fallbrook, CA  92028",Fallbrook,Fallbrook Union Elementary School District,686,0613500,730,(760) 723-4871,K-6,5912,4,33.37849,-117.25527,Fallbrook Street Elementary School,061350001539,https://www.greatschools.org/california/fallbrook/5912-Fallbrook-Street-Elementary-School/?s_cid=gsapi,(760) 731-4000,https://www.greatschools.org/school/rating.page?state=CA&id=5912&s_cid=gsapi,https://www.greatschools.org/school/parentReviews.page?state=CA&id=5912&s_cid=gsapi,https://www.greatschools.org/modperl/achievement/CA/5912,CA,public,
"933 Farr Avenue, 
Escondido, CA  92026",Escondido,Escondido Union School District,684,0612880,691,(760) 504-0170,K-5,14474,2,33.138794,-117.07761,Farr Avenue Elementary School,061288011129,https://www.greatschools.org/california/escondido/14474-Farr-Avenue-Elementary-School/?s_cid=gsapi,(760) 735-3049,https://www.greatschools.org/school/rating.page?state=CA&id=14474&s_cid=gsapi,https://www.greatschools.org/school/parentReviews.page?state=CA&id=14474&s_cid=gsapi,https://www.greatschools.org/modperl/achievement/CA/14474,CA,public,
"737 West 13th Avenue, 
Escondido, CA  92025",Escondido,Escondido Union School District,684,0612880,718,(760) 745-1462,K-5,5891,3,33.106514,-117.08247,Felicita Elementary School,061288001454,https://www.greatschools.org/california/escondido/5891-Felicita-Elementary-School/?s_cid=gsapi,(760) 432-2444,https://www.greatschools.org/school/rating.page?state=CA&id=5891&s_cid=gsapi,https://www.greatschools.org/school/parentReviews.page?state=CA&id=5891&s_cid=gsapi,https://www.greatschools.org/modperl/achievement/CA/5891,CA,public,http://eusd4kids.org/
"3950 Byrd Street, 
San Diego, CA  92154",San Diego,Chula Vista Elementary School District,677,0608610,380,(619) 428-4138,K-6,5834,8,32.585133,-117.04839,Finney (Myrtle S.) Elementary School,060861000859,https://www.greatschools.org/california/san-diego/5834-Finney-(Myrtle-S.)-Elementary-School/?s_cid=gsapi,(619) 690-1334,https://www.greatschools.org/school/rating.page?state=CA&id=5834&s_cid=gsapi,https://www.greatschools.org/school/parentReviews.page?state=CA&id=5834&s_cid=gsapi,https://www.greatschools.org/modperl/achievement/CA/5834,CA,public,http://schools.cvesd.org/schools/finney/
"1690 Wandering Road, 
Encinitas, CA  92024",Encinitas,Encinitas Union Elementary School District,683,0612750,428,(760) 944-4385,K-6,5880,9,33.055313,-117.25286,Flora Vista Elementary School,061275001435,https://www.greatschools.org/california/encinitas/5880-Flora-Vista-Elementary-School/?s_cid=gsapi,(760) 944-4329,https://www.greatschools.org/school/rating.page?state=CA&id=5880&s_cid=gsapi,https://www.greatschools.org/school/parentReviews.page?state=CA&id=5880&s_cid=gsapi,https://www.greatschools.org/modperl/achievement/CA/5880,CA,public,www.eusd.k12.ca.us/fv
"9733 Deschutes Road, 
Palo Cedro, CA  96073",Palo Cedro,Shasta Union High,742,0636600,1291,(530) 245-2700,9-12,6519,7,40.528988,-122.2387,Foothill High School,063660010326,https://www.greatschools.org/california/palo-cedro/6519-Foothill-High-School/?s_cid=gsapi,(530) 547-1700,https://www.greatschools.org/school/rating.page?state=CA&id=6519&s_cid=gsapi,https://www.greatschools.org/school/parentReviews.page?state=CA&id=6519&s_cid=gsapi,https://www.greatschools.org/modperl/achievement/CA/6519,CA,public,www.foothillcougars.com/
"13900 Foster Avenue, 
Baldwin Park, CA  91706",Baldwin Park,Baldwin Park Unified,253,0603690,703,(626) 856-4286,K-6,1497,4,34.072224,-117.9723,Foster Elementary School,060369000330,https://www.greatschools.org/california/baldwin-park/1497-Foster-Elementary-School/?s_cid=gsapi,(626) 962-8111,https://www.greatschools.org/school/rating.page?state=CA&id=1497&s_cid=gsapi,https://www.greatschools.org/school/parentReviews.page?state=CA&id=1497&s_cid=gsapi,https://www.greatschools.org/modperl/achievement/CA/1497,CA,public,https://fe-bpusd-ca.schoolloop.com/
"332 North Township Road, 
Yuba City, CA  95993",Yuba City,Franklin Elementary,908,0614340,477,(530) 822-5177,K-8,7335,8,39.12773,-121.68906,Franklin Elementary School,061434001642,https://www.greatschools.org/california/yuba-city/7335-Franklin-Elementary-School/?s_cid=gsapi,(530) 822-5151,https://www.greatschools.org/school/rating.page?state=CA&id=7335&s_cid=gsapi,https://www.greatschools.org/school/parentReviews.page?state=CA&id=7335&s_cid=gsapi,https://www.greatschools.org/modperl/achievement/CA/7335,CA,public,http://www.franklin.k12.ca.us/
"11625 Fuerte Drive, 
El Cajon, CA  92020",El Cajon,Cajon Valley Union School District,676,0606810,601,(619) 579-4825,K-5,5809,8,32.76113,-116.94679,Fuerte Elementary School,060681000614,https://www.greatschools.org/california/el-cajon/5809-Fuerte-Elementary-School/?s_cid=gsapi,(619) 588-3134,https://www.greatschools.org/school/rating.page?state=CA&id=5809&s_cid=gsapi,https://www.greatschools.org/school/parentReviews.page?state=CA&id=5809&s_cid=gsapi,https://www.greatschools.org/modperl/achievement/CA/5809,CA,public,http://www.cajonvalley.net/fuerte
"720 Ninth Street, 
Ramona, CA  92065",Ramona,Ramona City Unified School District,700,0631710,36,(760) 788-3754,7-12,12633,1,33.039497,-116.86308,Future Bound Independent Study Secondary School,063171011172,https://www.greatschools.org/california/ramona/12633-Future-Bound-Independent-Study-Secondary-School/?s_cid=gsapi,(760) 787-2068,https://www.greatschools.org/school/rating.page?state=CA&id=12633&s_cid=gsapi,https://www.greatschools.org/school/parentReviews.page?state=CA&id=12633&s_cid=gsapi,https://www.greatschools.org/modperl/achievement/CA/12633,CA,public,www.ramonausd.net
"14614 Garden Road, 
Poway, CA  92064",Poway,Poway Unified School District,699,0631530,440,(858) 748-2961,K-5,6032,8,32.95622,-117.01434,Garden Road Elementary School,063153004886,https://www.greatschools.org/california/poway/6032-Garden-Road-Elementary-School/?s_cid=gsapi,(858) 748-0230,https://www.greatschools.org/school/rating.page?state=CA&id=6032&s_cid=gsapi,https://www.greatschools.org/school/parentReviews.page?state=CA&id=6032&s_cid=gsapi,https://www.greatschools.org/modperl/achievement/CA/6032,CA,public,www.powayusd.com/pusdgres
"2001 Rimbey Street, 
San Diego, CA  92154",San Diego,South Bay Union Elementary,703,0637380,551,(619) 628-3580,K-6,6075,3,32.56818,-117.08999,Godfrey G. Berry Elementary School,063738006316,https://www.greatschools.org/california/san-diego/6075-Godfrey-G.-Berry-Elementary-School/?s_cid=gsapi,(619) 628-3500,https://www.greatschools.org/school/rating.page?state=CA&id=6075&s_cid=gsapi,https://www.greatschools.org/school/parentReviews.page?state=CA&id=6075&s_cid=gsapi,https://www.greatschools.org/modperl/achievement/CA/6075,CA,public,
"1240 33rd Street, 
San Diego, CA  92102",San Diego,San Diego Unified School District,705,0634320,422,(619) 236-5690,K-8,14622,4,32.718754,-117.12338,Golden Hill K-8,063432011157,https://www.greatschools.org/california/san-diego/14622-Golden-Hill-K-8/?s_cid=gsapi,(619) 236-5600,https://www.greatschools.org/school/rating.page?state=CA&id=14622&s_cid=gsapi,https://www.greatschools.org/school/parentReviews.page?state=CA&id=14622&s_cid=gsapi,https://www.greatschools.org/modperl/achievement/CA/14622,CA,public,
"1719 East Madison Avenue, 
El Cajon, CA  92019",El Cajon,Grossmont Union High School District,688,0616230,2478,(619) 588-9389,9-12,5925,7,32.800186,-116.91681,Granite Hills High School,061623002020,https://www.greatschools.org/california/el-cajon/5925-Granite-Hills-High-School/?s_cid=gsapi,(619) 593-5500,https://www.greatschools.org/school/rating.page?state=CA&id=5925&s_cid=gsapi,https://www.greatschools.org/school/parentReviews.page?state=CA&id=5925&s_cid=gsapi,https://www.greatschools.org/modperl/achievement/CA/5925,CA,public,http://granite.guhsd.net/
"13881 Campo Road, 
Jamul, CA  91935",Jamul,Jamul-Dulzura Union Elementary,689,0618730,478,(619) 669-3066,K-12,11102,6,32.717278,-116.87701,Greater San Diego Academy,061873008302,https://www.greatschools.org/california/jamul/11102-Greater-San-Diego-Academy/?s_cid=gsapi,(619) 669-3050,https://www.greatschools.org/school/rating.page?state=CA&id=11102&s_cid=gsapi,https://www.greatschools.org/school/parentReviews.page?state=CA&id=11102&s_cid=gsapi,https://www.greatschools.org/modperl/achievement/CA/11102,CA,charter,http://www.gsdacademy.com
"2000 North Santa Fe Avenue, 
Vista, CA  92083",Vista,Vista Unified School District,714,0641190,1275,(760) 631-8506,K-12,6319,7,33.23015,-117.2488,Guajome Park Academy Charter,064119003964,https://www.greatschools.org/california/vista/6319-Guajome-Park-Academy-Charter/?s_cid=gsapi,(760) 631-8500,https://www.greatschools.org/school/rating.page?state=CA&id=6319&s_cid=gsapi,https://www.greatschools.org/school/parentReviews.page?state=CA&id=6319&s_cid=gsapi,https://www.greatschools.org/modperl/achievement/CA/6319,CA,charter,www.guajome.net
"475 East J Street, 
Chula Vista, CA  91910",Chula Vista,Chula Vista Elementary School District,677,0608610,516,(619) 421-8746,K-6,5835,8,32.634365,-117.04331,Halecrest Elementary School,060861000860,https://www.greatschools.org/california/chula-vista/5835-Halecrest-Elementary-School/?s_cid=gsapi,(619) 421-0771,https://www.greatschools.org/school/rating.page?state=CA&id=5835&s_cid=gsapi,https://www.greatschools.org/school/parentReviews.page?state=CA&id=5835&s_cid=gsapi,https://www.greatschools.org/modperl/achievement/CA/5835,CA,public,http://schools.cvesd.org/schools/halecrest/
"1269 Leland Way, 
Hanford, CA  93230",Hanford,Hanford Elementary,188,0616470,556,(559) 583-7295,K-6,17103,5,36.3498,-119.6257,Hamilton Elementary School,061647011606,https://www.greatschools.org/california/hanford/17103-Hamilton-Elementary-School/?s_cid=gsapi,(559) 585-3820,https://www.greatschools.org/school/rating.page?state=CA&id=17103&s_cid=gsapi,https://www.greatschools.org/school/parentReviews.page?state=CA&id=17103&s_cid=gsapi,https://www.greatschools.org/modperl/achievement/CA/17103,CA,public,www.hesd.k12.ca.us/hes/
"681 Naples Street, 
Chula Vista, CA  91911",Chula Vista,Chula Vista Elementary School District,677,0608610,680,(619) 422-7361,K-6,5836,5,32.60909,-117.08552,Harborside Elementary School,060861000861,https://www.greatschools.org/california/chula-vista/5836-Harborside-Elementary-School/?s_cid=gsapi,(619) 422-8369,https://www.greatschools.org/school/rating.page?state=CA&id=5836&s_cid=gsapi,https://www.greatschools.org/school/parentReviews.page?state=CA&id=5836&s_cid=gsapi,https://www.greatschools.org/modperl/achievement/CA/5836,CA,public,http://schools.cvesd.org/schools/harborside/
"5420 Montezuma Road, 
San Diego, CA  92115",San Diego,San Diego Unified School District,705,0634320,408,(619) 286-2016,K-5,6156,8,32.772194,-117.07944,Hardy Elementary School,063432005475,https://www.greatschools.org/california/san-diego/6156-Hardy-Elementary-School/?s_cid=gsapi,(619) 582-0136,https://www.greatschools.org/school/rating.page?state=CA&id=6156&s_cid=gsapi,https://www.greatschools.org/school/parentReviews.page?state=CA&id=6156&s_cid=gsapi,https://www.greatschools.org/modperl/achievement/CA/6156,CA,public,https://www.sandiegounified.org/schools/hardy
"2710 Iris Avenue, 
San Diego, CA  92154",San Diego,Sweetwater Union High School District,710,0638640,270,,K-12,31138,5,32.56913,-117.07522,"Stephen W. Hawkings II Science, Technology, Engineering, Art And Math Charter",063864013457,"https://www.greatschools.org/california/san-diego/31138-Stephen-W.-Hawkings-II-Science,-Technology,-Engineering,-Art-And-Math-Charter/?s_cid=gsapi",(619) 628-2650,https://www.greatschools.org/school/rating.page?state=CA&id=31138&s_cid=gsapi,https://www.greatschools.org/school/parentReviews.page?state=CA&id=31138&s_cid=gsapi,https://www.greatschools.org/modperl/achievement/CA/31138,CA,charter,
"705 West Hawthorne Street, 
Ontario, CA  91762",Ontario,Ontario-Montclair Elementary School District,612,0628470,761,(909) 459-2808,K-6,5180,3,34.083344,-117.66082,Hawthorne Elementary School,062847004399,https://www.greatschools.org/california/ontario/5180-Hawthorne-Elementary-School/?s_cid=gsapi,(909) 986-6582,https://www.greatschools.org/school/rating.page?state=CA&id=5180&s_cid=gsapi,https://www.greatschools.org/school/parentReviews.page?state=CA&id=5180&s_cid=gsapi,https://www.greatschools.org/modperl/achievement/CA/5180,CA,public,
"3910 University Avenue, Suite 100, 
Suite 100
San Diego, CA  92105",San Diego,San Diego Unified School District,705,0634320,569,(619) 528-9084,10-12,17706,6,32.74972,-117.11045,Health Sciences High School,063432012179,https://www.greatschools.org/california/san-diego/17706-Health-Sciences-High-School/?s_cid=gsapi,(619) 528-9070,https://www.greatschools.org/school/rating.page?state=CA&id=17706&s_cid=gsapi,https://www.greatschools.org/school/parentReviews.page?state=CA&id=17706&s_cid=gsapi,https://www.greatschools.org/modperl/achievement/CA/17706,CA,charter,
"3910 University Avenue, 
San Diego, CA  92105",San Diego,San Diego Unified School District,705,0634320,150,,6-9,31136,4,32.75,-117.10996,Health Sciences Middle,063432013655,https://www.greatschools.org/california/san-diego/31136-Health-Sciences-Middle/?s_cid=gsapi,(619) 528-9070,https://www.greatschools.org/school/rating.page?state=CA&id=31136&s_cid=gsapi,https://www.greatschools.org/school/parentReviews.page?state=CA&id=31136&s_cid=gsapi,https://www.greatschools.org/modperl/achievement/CA/31136,CA,charter,
"7323 University Avenue, 
La Mesa, CA  91941",La Mesa,Grossmont Union High School District,688,0616230,2445,(619) 462-9257,9-12,5927,8,32.75593,-117.03981,Helix High School,061623002023,https://www.greatschools.org/california/la-mesa/5927-Helix-High-School/?s_cid=gsapi,(619) 466-4194,https://www.greatschools.org/school/rating.page?state=CA&id=5927&s_cid=gsapi,https://www.greatschools.org/school/parentReviews.page?state=CA&id=5927&s_cid=gsapi,https://www.greatschools.org/modperl/achievement/CA/5927,CA,charter,www.helixcharter.net
"1855 East Valley Parkway, 
Escondido, CA  92027",Escondido,Escondido Union School District,684,0612880,602,(760) 737-9322,K-8,12440,8,33.136253,-117.05446,Heritage K-8 Charter School,061288011228,https://www.greatschools.org/california/escondido/12440-Heritage-K-8-Charter-School/?s_cid=gsapi,(760) 737-3111,https://www.greatschools.org/school/rating.page?state=CA&id=12440&s_cid=gsapi,https://www.greatschools.org/school/parentReviews.page?state=CA&id=12440&s_cid=gsapi,https://www.greatschools.org/modperl/achievement/CA/12440,CA,charter,
"2700 Reed Road, 
Escondido, CA  92027",Escondido,Escondido Union School District,684,0612880,1153,(760) 480-0845,6-8,5895,3,33.133705,-117.03329,Hidden Valley Middle School,061288001457,https://www.greatschools.org/california/escondido/5895-Hidden-Valley-Middle-School/?s_cid=gsapi,(760) 432-2457,https://www.greatschools.org/school/rating.page?state=CA&id=5895&s_cid=gsapi,https://www.greatschools.org/school/parentReviews.page?state=CA&id=5895&s_cid=gsapi,https://www.greatschools.org/modperl/achievement/CA/5895,CA,public,https://sites.google.com/a/eusd.org/hvms-website/
"1949 Discovery Falls Drive, 
Chula Vista, CA  91915",Chula Vista,Sbc - High Technical High,1220,0601322,409,(619) 591-2553,K-5,25634,4,32.616646,-116.95317,High Tech Elementary Chula Vista School,060132212726,https://www.greatschools.org/california/chula-vista/25634-High-Tech-Elementary-Chula-Vista-School/?s_cid=gsapi,(619) 243-5014,https://www.greatschools.org/school/rating.page?state=CA&id=25634&s_cid=gsapi,https://www.greatschools.org/school/parentReviews.page?state=CA&id=25634&s_cid=gsapi,https://www.greatschools.org/modperl/achievement/CA/25634,CA,charter,www.hightechhigh.org
"1480 West San Marcos Boulevard, 
San Marcos, CA  92078",San Marcos,Sbc - High Technical High,1220,0601322,306,,K-5,31113,2,33.13144,-117.20377,High Tech Elementary North County,060132213517,https://www.greatschools.org/california/san-marcos/31113-High-Tech-Elementary-North-County/?s_cid=gsapi,(619) 243-5014,https://www.greatschools.org/school/rating.page?state=CA&id=31113&s_cid=gsapi,https://www.greatschools.org/school/parentReviews.page?state=CA&id=31113&s_cid=gsapi,https://www.greatschools.org/modperl/achievement/CA/31113,CA,charter,www.hightechhigh.org
"1945 Discovery Falls Drive, 
Chula Vista, CA  91915",Chula Vista,Sbc - High Technical High,1220,0601322,626,(619) 591-2503,9-12,17476,6,32.620693,-116.95979,High Tech High Chula Vista School,060132212083,https://www.greatschools.org/california/chula-vista/17476-High-Tech-High-Chula-Vista-School/?s_cid=gsapi,(619) 243-5014,https://www.greatschools.org/school/rating.page?state=CA&id=17476&s_cid=gsapi,https://www.greatschools.org/school/parentReviews.page?state=CA&id=17476&s_cid=gsapi,https://www.greatschools.org/modperl/achievement/CA/17476,CA,charter,www.hightechhigh.org
"2855 Farragut Road, 
San Diego, CA  92106",San Diego,San Diego Unified School District,705,0634320,400,(619) 758-1960,9-12,14535,7,32.72875,-117.22068,High Tech High International School,063432011138,https://www.greatschools.org/california/san-diego/14535-High-Tech-High-International-School/?s_cid=gsapi,(619) 398-4908,https://www.greatschools.org/school/rating.page?state=CA&id=14535&s_cid=gsapi,https://www.greatschools.org/school/parentReviews.page?state=CA&id=14535&s_cid=gsapi,https://www.greatschools.org/modperl/achievement/CA/14535,CA,charter,www.hightechhigh.org/schools/hthi
"1420 San Marcos Boulevard, 
San Marcos, CA  92078",San Marcos,Sbc - High Technical High,1220,0601322,549,(760) 759-2799,9-12,17469,7,33.13146,-117.20153,High Tech High North County School,060132212064,https://www.greatschools.org/california/san-marcos/17469-High-Tech-High-North-County-School/?s_cid=gsapi,(619) 243-5014,https://www.greatschools.org/school/rating.page?state=CA&id=17469&s_cid=gsapi,https://www.greatschools.org/school/parentReviews.page?state=CA&id=17469&s_cid=gsapi,https://www.greatschools.org/modperl/achievement/CA/17469,CA,charter,www.hightechhigh.org
"1949 Discovery Falls Drive, 
Chula Vista, CA  91915",Chula Vista,Sbc - High Technical High,1220,0601322,319,,6-8,25635,4,32.616646,-116.95317,High Tech Middle Chula Vista School,060132212642,https://www.greatschools.org/california/chula-vista/25635-High-Tech-Middle-Chula-Vista-School/?s_cid=gsapi,(619) 243-5014,https://www.greatschools.org/school/rating.page?state=CA&id=25635&s_cid=gsapi,https://www.greatschools.org/school/parentReviews.page?state=CA&id=25635&s_cid=gsapi,https://www.greatschools.org/modperl/achievement/CA/25635,CA,charter,www.hightechhigh.org
"555 Claire Avenue, 
Chula Vista, CA  91910",Chula Vista,Sweetwater Union High School District,710,0638640,2174,(619) 425-3284,9-12,6287,7,32.63684,-117.05993,Hilltop Senior High School,063864006484,https://www.greatschools.org/california/chula-vista/6287-Hilltop-Senior-High-School/?s_cid=gsapi,(619) 476-4200,https://www.greatschools.org/school/rating.page?state=CA&id=6287&s_cid=gsapi,https://www.greatschools.org/school/parentReviews.page?state=CA&id=6287&s_cid=gsapi,https://www.greatschools.org/modperl/achievement/CA/6287,CA,public,www.sweetwaterschools.org
"4801 Elm Street, 
San Diego, CA  92102",San Diego,San Diego Unified School District,705,0634320,151,(619) 266-7330,K-8,11115,2,32.70272,-117.08702,Holly Drive Leadership Academy,063432008306,https://www.greatschools.org/california/san-diego/11115-Holly-Drive-Leadership-Academy/?s_cid=gsapi,(619) 266-7333,https://www.greatschools.org/school/rating.page?state=CA&id=11115&s_cid=gsapi,https://www.greatschools.org/school/parentReviews.page?state=CA&id=11115&s_cid=gsapi,https://www.greatschools.org/modperl/achievement/CA/11115,CA,charter,www.hdla.org
"5020 Barlin Avenue, 
Lakewood, CA  90712",Lakewood,Long Beach Unified School District,292,0622500,455,(562) 633-3083,K-5,2568,4,33.85079,-118.14903,Holmes Elementary School,062250002723,https://www.greatschools.org/california/lakewood/2568-Holmes-Elementary-School/?s_cid=gsapi,(562) 633-4427,https://www.greatschools.org/school/rating.page?state=CA&id=2568&s_cid=gsapi,https://www.greatschools.org/school/parentReviews.page?state=CA&id=2568&s_cid=gsapi,https://www.greatschools.org/modperl/achievement/CA/2568,CA,public,http://hol-lbusd-ca.schoolloop.com/
"613 West Teapot Dome Avenue, 
Porterville, CA  93257",Porterville,Hope Elementary,964,0617520,236,,K-8,7457,2,36.022194,-119.03098,Hope Elementary School,061752002191,https://www.greatschools.org/california/porterville/7457-Hope-Elementary-School/?s_cid=gsapi,(559) 784-1064,https://www.greatschools.org/school/rating.page?state=CA&id=7457&s_cid=gsapi,https://www.greatschools.org/school/parentReviews.page?state=CA&id=7457&s_cid=gsapi,https://www.greatschools.org/modperl/achievement/CA/7457,CA,public,http://www.cde.ca.gov/re/sd/details.asp?cds=54719440000000&Public=Y
"4877 Orange Avenue, 
San Diego, CA  92115",San Diego,San Diego Unified School District,705,0634320,521,(619) 516-0355,K-5,14629,4,32.75305,-117.08953,Ibarra Elementary School,063432011384,https://www.greatschools.org/california/san-diego/14629-Ibarra-Elementary-School/?s_cid=gsapi,(619) 641-5400,https://www.greatschools.org/school/rating.page?state=CA&id=14629&s_cid=gsapi,https://www.greatschools.org/school/parentReviews.page?state=CA&id=14629&s_cid=gsapi,https://www.greatschools.org/modperl/achievement/CA/14629,CA,public,http://www.sandi.net/ibarra
"1600 Cuyamaca Street, 
El Cajon, CA  92020",El Cajon,Grossmont Union High School District,688,0616230,,,9-12,32164,,32.81686,-116.97966,Idea Center,,https://www.greatschools.org/california/el-cajon/32164-Idea-Center/?s_cid=gsapi,(619) 956-4332,https://www.greatschools.org/school/rating.page?state=CA&id=32164&s_cid=gsapi,https://www.greatschools.org/school/parentReviews.page?state=CA&id=32164&s_cid=gsapi,https://www.greatschools.org/modperl/achievement/CA/32164,CA,public,www.guhsd.net/our-schools/idea
"2655 Casey Street, 
San Diego, CA  92139",San Diego,San Diego Unified School District,705,0634320,1257,(619) 475-9748,K-5,6258,6,32.68034,-117.03867,Zamorano Elementary School,063432008965,https://www.greatschools.org/california/san-diego/6258-Zamorano-Elementary-School/?s_cid=gsapi,(619) 430-1400,https://www.greatschools.org/school/rating.page?state=CA&id=6258&s_cid=gsapi,https://www.greatschools.org/school/parentReviews.page?state=CA&id=6258&s_cid=gsapi,https://www.greatschools.org/modperl/achievement/CA/6258,CA,public,http://new.sandi.net/schools/zamorano
"3939 Conde Street, 
San Diego, CA  92110",San Diego,San Diego Unified School District,705,0634320,58,(619) 764-5484,9-12,25137,8,32.75122,-117.19481,iHigh Virtual Academy,063432012534,https://www.greatschools.org/california/san-diego/25137-IHigh-Virtual-Academy/?s_cid=gsapi,(619) 764-5440,https://www.greatschools.org/school/rating.page?state=CA&id=25137&s_cid=gsapi,https://www.greatschools.org/school/parentReviews.page?state=CA&id=25137&s_cid=gsapi,https://www.greatschools.org/modperl/achievement/CA/25137,CA,public,http://www.sandi.net/ihigh
"650 Imperial Beach Boulevard, 
Imperial Beach, CA  91932",Imperial Beach,South Bay Union Elementary,703,0637380,921,(619) 628-5680,K-8,6079,7,32.576603,-117.11966,Imperial Beach Charter School,063738006320,https://www.greatschools.org/california/imperial-beach/6079-Imperial-Beach-Charter-School/?s_cid=gsapi,(619) 628-5600,https://www.greatschools.org/school/rating.page?state=CA&id=6079&s_cid=gsapi,https://www.greatschools.org/school/parentReviews.page?state=CA&id=6079&s_cid=gsapi,https://www.greatschools.org/modperl/achievement/CA/6079,CA,charter,www.sbusd.org
"6130 Skyline Drive, 
San Diego, CA  92114",San Diego,San Diego Unified School District,705,0634320,,,6-12,32176,,32.702038,-117.064644,Ingenuity Charter,,https://www.greatschools.org/california/san-diego/32176-Ingenuity-Charter/?s_cid=gsapi,(619) 263-3009,https://www.greatschools.org/school/rating.page?state=CA&id=32176&s_cid=gsapi,https://www.greatschools.org/school/parentReviews.page?state=CA&id=32176&s_cid=gsapi,https://www.greatschools.org/modperl/achievement/CA/32176,CA,charter,www.ingenuitycharter.org
"14545 Lyons Valley Road, 
Jamul, CA  91935",Jamul,Jamul-Dulzura Union Elementary,689,0618730,133,(619) 669-5324,4-5,5933,5,32.72838,-116.85451,Jamul Intermediate School,061873003937,https://www.greatschools.org/california/jamul/5933-Jamul-Intermediate-School/?s_cid=gsapi,(619) 669-7900,https://www.greatschools.org/school/rating.page?state=CA&id=5933&s_cid=gsapi,https://www.greatschools.org/school/parentReviews.page?state=CA&id=5933&s_cid=gsapi,https://www.greatschools.org/modperl/achievement/CA/5933,CA,public,www.jdusd.net/intermediate.cfm
"3770 Utah Street, 
San Diego, CA  92104",San Diego,San Diego Unified School District,705,0634320,365,(619) 297-7053,K-5,6166,5,32.74722,-117.13324,Jefferson Elementary School,063432005485,https://www.greatschools.org/california/san-diego/6166-Jefferson-Elementary-School/?s_cid=gsapi,(619) 344-3300,https://www.greatschools.org/school/rating.page?state=CA&id=6166&s_cid=gsapi,https://www.greatschools.org/school/parentReviews.page?state=CA&id=6166&s_cid=gsapi,https://www.greatschools.org/modperl/achievement/CA/6166,CA,public,https://www.sandiegounified.org/schools/jefferson
"2001 Tavern Road, 
Alpine, CA  91901",Alpine,Alpine Union Elementary,672,0602100,570,(619) 445-6503,6-8,5787,5,32.82543,-116.77541,Joan Macqueen Middle School,060210000092,https://www.greatschools.org/california/alpine/5787-Joan-Macqueen-Middle-School/?s_cid=gsapi,(619) 445-3245,https://www.greatschools.org/school/rating.page?state=CA&id=5787&s_cid=gsapi,https://www.greatschools.org/school/parentReviews.page?state=CA&id=5787&s_cid=gsapi,https://www.greatschools.org/modperl/achievement/CA/5787,CA,public,www.alpineschools.net/joanmac
"621 East 18th Street, 
National City, CA  91950",National City,National Elementary,696,0626670,456,(619) 336-8855,K-6,5997,5,32.66906,-117.09721,John A. Otis Elementary School,062667004049,https://www.greatschools.org/california/national-city/5997-John-A.-Otis-Elementary-School/?s_cid=gsapi,(619) 336-8800,https://www.greatschools.org/school/rating.page?state=CA&id=5997&s_cid=gsapi,https://www.greatschools.org/school/parentReviews.page?state=CA&id=5997&s_cid=gsapi,https://www.greatschools.org/modperl/achievement/CA/5997,CA,public,
"500 West Madison, 
El Cajon, CA  92020",El Cajon,Cajon Valley Union School District,676,0606810,661,(619) 579-4852,K-5,5814,2,32.8008,-116.9562,Johnson Elementary School,060681000617,https://www.greatschools.org/california/el-cajon/5814-Johnson-Elementary-School/?s_cid=gsapi,(619) 588-3139,https://www.greatschools.org/school/rating.page?state=CA&id=5814&s_cid=gsapi,https://www.greatschools.org/school/parentReviews.page?state=CA&id=5814&s_cid=gsapi,https://www.greatschools.org/modperl/achievement/CA/5814,CA,public,http://www.cajonvalley.net/johnson
"653 Poinsettia Avenue, 
Vista, CA  92081",Vista,San Marcos Unified School District,706,0634880,811,(760) 290-2855,K-5,24650,7,33.155502,-117.21076,Joli Ann Leichtag Elementary School,063488012201,https://www.greatschools.org/california/vista/24650-Joli-Ann-Leichtag-Elementary-School/?s_cid=gsapi,(760) 290-2888,https://www.greatschools.org/school/rating.page?state=CA&id=24650&s_cid=gsapi,https://www.greatschools.org/school/parentReviews.page?state=CA&id=24650&s_cid=gsapi,https://www.greatschools.org/modperl/achievement/CA/24650,CA,public,www.smusd.org
"7825 Flanders Dr,, 
San Diego, CA  92126",San Diego,San Diego County Office Of Education,1067,0691030,800,,K-6,32177,,32.90611,-117.156204,Jonas Salk Elementary School,,https://www.greatschools.org/california/san-diego/32177-Jonas-Salk-Elementary-School/?s_cid=gsapi,(858) 935-2100,https://www.greatschools.org/school/rating.page?state=CA&id=32177&s_cid=gsapi,https://www.greatschools.org/school/parentReviews.page?state=CA&id=32177&s_cid=gsapi,https://www.greatschools.org/modperl/achievement/CA/32177,CA,public,https://www.sandiegounified.org/schools/jonas-salk-es
"2751 Greyling Drive, 
San Diego, CA  92123",San Diego,San Diego Unified School District,705,0634320,363,(858) 571-2877,K-5,6169,7,32.7958,-117.14128,Jones Elementary School,063432005489,https://www.greatschools.org/california/san-diego/6169-Jones-Elementary-School/?s_cid=gsapi,(858) 496-8140,https://www.greatschools.org/school/rating.page?state=CA&id=6169&s_cid=gsapi,https://www.greatschools.org/school/parentReviews.page?state=CA&id=6169&s_cid=gsapi,https://www.greatschools.org/modperl/achievement/CA/6169,CA,public,www2.sandi.net/jones
"7655 Juniper Avenue, 
Fontana, CA  92336",Fontana,Fontana Unified,604,0613920,607,(909) 357-5483,K-5,5090,3,34.114758,-117.44016,Juniper Elementary School,061392001591,https://www.greatschools.org/california/fontana/5090-Juniper-Elementary-School/?s_cid=gsapi,(909) 357-5480,https://www.greatschools.org/school/rating.page?state=CA&id=5090&s_cid=gsapi,https://www.greatschools.org/school/parentReviews.page?state=CA&id=5090&s_cid=gsapi,https://www.greatschools.org/modperl/achievement/CA/5090,CA,public,www.fusd.net
"3201 Marathon Drive, 
San Diego, CA  92123",San Diego,San Diego Unified School District,705,0634320,185,(858) 777-9197,K-5,30530,,32.802097,-117.12662,Kavod Elementary Charter School,063432013201,https://www.greatschools.org/california/san-diego/30530-Kavod-Elementary-Charter-School/?s_cid=gsapi,(858) 386-0887,https://www.greatschools.org/school/rating.page?state=CA&id=30530&s_cid=gsapi,https://www.greatschools.org/school/parentReviews.page?state=CA&id=30530&s_cid=gsapi,https://www.greatschools.org/modperl/achievement/CA/30530,CA,charter,kavodelementary.org
"7651 Wellington Way, 
San Diego, CA  92111",San Diego,San Diego Unified School District,705,0634320,399,(858) 627-7503,9-12,14167,7,32.799603,-117.16221,Kearny Digital Media & Design School,063432011145,https://www.greatschools.org/california/san-diego/14167-Kearny-Digital-Media-&-Design-School/?s_cid=gsapi,(858) 496-8370,https://www.greatschools.org/school/rating.page?state=CA&id=14167&s_cid=gsapi,https://www.greatschools.org/school/parentReviews.page?state=CA&id=14167&s_cid=gsapi,https://www.greatschools.org/modperl/achievement/CA/14167,CA,public,http://dmd.khs.sandi.net
"7651 Wellington Way, 
San Diego, CA  92111",San Diego,San Diego Unified School District,705,0634320,345,(858) 627-7503,9-12,14170,8,32.799603,-117.16221,Kearny SCT School,063432011146,https://www.greatschools.org/california/san-diego/14170-Kearny-SCT-School/?s_cid=gsapi,(858) 496-8370,https://www.greatschools.org/school/rating.page?state=CA&id=14170&s_cid=gsapi,https://www.greatschools.org/school/parentReviews.page?state=CA&id=14170&s_cid=gsapi,https://www.greatschools.org/modperl/achievement/CA/14170,CA,public,https://www.sandiegounified.org/schools/kearny-high-school-science-connections-and-technology
"302 West 18th Street, 
National City, CA  91950",National City,National Elementary,696,0626670,367,(619) 336-8355,K-6,5992,5,32.66639,-117.10638,Kimball School,062667004045,https://www.greatschools.org/california/national-city/5992-Kimball-School/?s_cid=gsapi,(619) 336-8300,https://www.greatschools.org/school/rating.page?state=CA&id=5992&s_cid=gsapi,https://www.greatschools.org/school/parentReviews.page?state=CA&id=5992&s_cid=gsapi,https://www.greatschools.org/modperl/achievement/CA/5992,CA,public,
"321 Hoitt Street, 
San Diego, CA  92102",San Diego,San Diego Unified School District,705,0634320,453,(619) 525-2018,K-5,6174,3,32.70874,-117.13291,Kimbrough Elementary School,063432007317,https://www.greatschools.org/california/san-diego/6174-Kimbrough-Elementary-School/?s_cid=gsapi,(619) 525-2010,https://www.greatschools.org/school/rating.page?state=CA&id=6174&s_cid=gsapi,https://www.greatschools.org/school/parentReviews.page?state=CA&id=6174&s_cid=gsapi,https://www.greatschools.org/modperl/achievement/CA/6174,CA,public,https://www.sandiegounified.org/schools/kimbrough
"2850 Logan Avenue, 
San Diego, CA  92113",San Diego,San Diego Unified School District,705,0634320,325,(619) 232-2943,K-8,12042,2,32.697018,-117.13271,King-Chavez Academy Of Excellence,063432010381,https://www.greatschools.org/california/san-diego/12042-King-Chavez-Academy-Of-Excellence/?s_cid=gsapi,(619) 232-2825,https://www.greatschools.org/school/rating.page?state=CA&id=12042&s_cid=gsapi,https://www.greatschools.org/school/parentReviews.page?state=CA&id=12042&s_cid=gsapi,https://www.greatschools.org/modperl/achievement/CA/12042,CA,charter,www.kingchavez.net
"415 31st Street, 
San Diego, CA  92102",San Diego,San Diego Unified School District,705,0634320,188,(619) 696-7459,3-5,14695,1,32.70986,-117.12634,King-Chavez Arts Academy,063432011390,https://www.greatschools.org/california/san-diego/14695-King-Chavez-Arts-Academy/?s_cid=gsapi,(619) 525-7320,https://www.greatschools.org/school/rating.page?state=CA&id=14695&s_cid=gsapi,https://www.greatschools.org/school/parentReviews.page?state=CA&id=14695&s_cid=gsapi,https://www.greatschools.org/modperl/achievement/CA/14695,CA,charter,www.kingchavez.org
"415 31st Street, 
San Diego, CA  92102",San Diego,San Diego Unified School District,705,0634320,185,(619) 696-7459,3-5,14699,2,32.70986,-117.12634,King-Chavez Athletics Academy,063432011391,https://www.greatschools.org/california/san-diego/14699-King-Chavez-Athletics-Academy/?s_cid=gsapi,(619) 525-7320,https://www.greatschools.org/school/rating.page?state=CA&id=14699&s_cid=gsapi,https://www.greatschools.org/school/parentReviews.page?state=CA&id=14699&s_cid=gsapi,https://www.greatschools.org/modperl/achievement/CA/14699,CA,charter,www.kingchavez.org
"201 A Street, 
San Diego, CA  92101",San Diego,San Diego Unified School District,705,0634320,618,(619) 704-1021,9-12,25009,4,32.707066,-117.13981,King-Chavez Community High School,063432012195,https://www.greatschools.org/california/san-diego/25009-King-Chavez-Community-High-School/?s_cid=gsapi,(619) 704-1020,https://www.greatschools.org/school/rating.page?state=CA&id=25009&s_cid=gsapi,https://www.greatschools.org/school/parentReviews.page?state=CA&id=25009&s_cid=gsapi,https://www.greatschools.org/modperl/achievement/CA/25009,CA,charter,http://www.kingchavez.org
"500 30th Street, 
San Diego, CA  92102",San Diego,San Diego Unified School District,705,0634320,355,(619) 744-3829,6-8,16957,1,32.710625,-117.13024,King-Chavez Preparatory Academy,063432011767,https://www.greatschools.org/california/san-diego/16957-King-Chavez-Preparatory-Academy/?s_cid=gsapi,(619) 744-3828,https://www.greatschools.org/school/rating.page?state=CA&id=16957&s_cid=gsapi,https://www.greatschools.org/school/parentReviews.page?state=CA&id=16957&s_cid=gsapi,https://www.greatschools.org/modperl/achievement/CA/16957,CA,charter,www.kingchavez.org
"1704 Cape Horn, 
Julian, CA  92036",Julian,Julian Union Elementary,690,0619140,109,(760) 765-3340,6-8,5937,7,33.07808,-116.59581,Julian Junior High School,061914008859,https://www.greatschools.org/california/julian/5937-Julian-Junior-High-School/?s_cid=gsapi,(760) 765-0575,https://www.greatschools.org/school/rating.page?state=CA&id=5937&s_cid=gsapi,https://www.greatschools.org/school/parentReviews.page?state=CA&id=5937&s_cid=gsapi,https://www.greatschools.org/modperl/achievement/CA/5937,CA,public,https://sites.google.com/a/juesd.net/julianjuniorhighschool/
"1475 Sixth Avenue, Second Floor, 
San Diego, CA  92101",San Diego,San Diego Unified School District,705,0634320,350,(619) 233-3212,5-8,12471,3,32.72091,-117.15917,KIPP Adelante Preparatory Academy,063432011263,https://www.greatschools.org/california/san-diego/12471-KIPP-Adelante-Preparatory-Academy/?s_cid=gsapi,(619) 233-3242,https://www.greatschools.org/school/rating.page?state=CA&id=12471&s_cid=gsapi,https://www.greatschools.org/school/parentReviews.page?state=CA&id=12471&s_cid=gsapi,https://www.greatschools.org/modperl/achievement/CA/12471,CA,charter,www.kippadelante.org
"1825 Knob Hill Road, 
San Marcos, CA  92069",San Marcos,San Marcos Unified School District,706,0634880,847,(760) 741-7843,K-5,6261,9,33.139652,-117.1197,Knob Hill Elementary School,063488009439,https://www.greatschools.org/california/san-marcos/6261-Knob-Hill-Elementary-School/?s_cid=gsapi,(760) 290-2080,https://www.greatschools.org/school/rating.page?state=CA&id=6261&s_cid=gsapi,https://www.greatschools.org/school/parentReviews.page?state=CA&id=6261&s_cid=gsapi,https://www.greatschools.org/modperl/achievement/CA/6261,CA,public,www.smusd.org
"3035 Levante Street, 
Carlsbad, CA  92009",Carlsbad,Encinitas Union Elementary School District,683,0612750,703,(760) 632-7627,K-6,5881,10,33.08081,-117.24485,La Costa Heights Elementary School,061275008830,https://www.greatschools.org/california/carlsbad/5881-La-Costa-Heights-Elementary-School/?s_cid=gsapi,(760) 944-4375,https://www.greatschools.org/school/rating.page?state=CA&id=5881&s_cid=gsapi,https://www.greatschools.org/school/parentReviews.page?state=CA&id=5881&s_cid=gsapi,https://www.greatschools.org/modperl/achievement/CA/5881,CA,public,www.eusd.k12.ca.us/lc
"6889 El Fuerte Street, 
Carlsbad, CA  92009",Carlsbad,San Marcos Unified School District,706,0634880,948,(760) 290-2120,K-5,6262,9,33.104534,-117.23992,La Costa Meadows Elementary School,063488008974,https://www.greatschools.org/california/carlsbad/6262-La-Costa-Meadows-Elementary-School/?s_cid=gsapi,(760) 290-2121,https://www.greatschools.org/school/rating.page?state=CA&id=6262&s_cid=gsapi,https://www.greatschools.org/school/parentReviews.page?state=CA&id=6262&s_cid=gsapi,https://www.greatschools.org/modperl/achievement/CA/6262,CA,public,www.smusd.org
"300 Heald Lane, 
Fallbrook, CA  92028",Fallbrook,Fallbrook Union Elementary School District,686,0613500,669,(760) 731-3202,K-6,5914,7,33.378143,-117.23543,La Paloma Elementary School,061350001541,https://www.greatschools.org/california/fallbrook/5914-La-Paloma-Elementary-School/?s_cid=gsapi,(760) 731-4220,https://www.greatschools.org/school/rating.page?state=CA&id=5914&s_cid=gsapi,https://www.greatschools.org/school/parentReviews.page?state=CA&id=5914&s_cid=gsapi,https://www.greatschools.org/modperl/achievement/CA/5914,CA,public,http://www.fuesd.k12.ca.us/
"11833 Woodside Avenue, 
Lakeside, CA  92040",Lakeside,Lakeside Union Elementary School District,692,0620790,816,(619) 390-2643,6-8,5942,6,32.85431,-116.93789,Lakeside Middle School,062079002494,https://www.greatschools.org/california/lakeside/5942-Lakeside-Middle-School/?s_cid=gsapi,(619) 390-2636,https://www.greatschools.org/school/rating.page?state=CA&id=5942&s_cid=gsapi,https://www.greatschools.org/school/parentReviews.page?state=CA&id=5942&s_cid=gsapi,https://www.greatschools.org/modperl/achievement/CA/5942,CA,public,www.lsusd.net
"390 Palomar Street, 
Chula Vista, CA  91911",Chula Vista,Chula Vista Elementary School District,677,0608610,777,(619) 426-5875,K-6,5840,7,32.62009,-117.07559,Lauderbach (J. Calvin) Elementary School,060861000865,https://www.greatschools.org/california/chula-vista/5840-Lauderbach-(J.-Calvin)-Elementary-School/?s_cid=gsapi,(619) 422-1127,https://www.greatschools.org/school/rating.page?state=CA&id=5840&s_cid=gsapi,https://www.greatschools.org/school/parentReviews.page?state=CA&id=5840&s_cid=gsapi,https://www.greatschools.org/modperl/achievement/CA/5840,CA,public,http://schools.cvesd.org/schools/lauderbach/
"1141 Laurel Road, 
Oakley, CA  94561",Oakley,Oakley Union Elementary,52,0628080,576,(925) 625-8300,K-5,513,4,37.982487,-121.7174,Laurel Elementary School,062808000186,https://www.greatschools.org/california/oakley/513-Laurel-Elementary-School/?s_cid=gsapi,(925) 625-7090,https://www.greatschools.org/school/rating.page?state=CA&id=513&s_cid=gsapi,https://www.greatschools.org/school/parentReviews.page?state=CA&id=513&s_cid=gsapi,https://www.greatschools.org/modperl/achievement/CA/513,CA,public,https://lau-ouesd-ca.schoolloop.com/
"7866 Lincoln Street, 
Lemon Grove, CA  91945",Lemon Grove,Lemon Grove School District,693,0621330,1024,(619) 825-5782,PK-8,5949,6,32.74191,-117.02869,Lemon Grove Academy For The Sciences And Humanities,062133002549,https://www.greatschools.org/california/lemon-grove/5949-Lemon-Grove-Academy-For-The-Sciences-And-Humanities/?s_cid=gsapi,(619) 825-5628,https://www.greatschools.org/school/rating.page?state=CA&id=5949&s_cid=gsapi,https://www.greatschools.org/school/parentReviews.page?state=CA&id=5949&s_cid=gsapi,https://www.greatschools.org/modperl/achievement/CA/5949,CA,public,
"2200 Lanoitan Avenue, 
National City, CA  91950",National City,National Elementary,696,0626670,603,(619) 336-8655,K-6,5994,5,32.671265,-117.07567,Lincoln Acres School,062667004047,https://www.greatschools.org/california/national-city/5994-Lincoln-Acres-School/?s_cid=gsapi,(619) 336-8600,https://www.greatschools.org/school/rating.page?state=CA&id=5994&s_cid=gsapi,https://www.greatschools.org/school/parentReviews.page?state=CA&id=5994&s_cid=gsapi,https://www.greatschools.org/modperl/achievement/CA/5994,CA,public,
"790 J Street, 
Lincoln, CA  95648",Lincoln,Western Placer Unified School District,510,0642140,1643,(916) 645-6349,9-12,4179,6,38.895687,-121.29665,Lincoln High School,064214006897,https://www.greatschools.org/california/lincoln/4179-Lincoln-High-School/?s_cid=gsapi,(916) 645-6360,https://www.greatschools.org/school/rating.page?state=CA&id=4179&s_cid=gsapi,https://www.greatschools.org/school/parentReviews.page?state=CA&id=4179&s_cid=gsapi,https://www.greatschools.org/modperl/achievement/CA/4179,CA,public,
"1250 Fernside Boulevard, 
Alameda, CA  94501",Alameda,Alameda City Unified School District,1,0601770,900,(510) 523-6217,6-8,10,9,37.75182,-122.23215,Lincoln Middle School,060177000049,https://www.greatschools.org/california/alameda/10-Lincoln-Middle-School/?s_cid=gsapi,(510) 748-4018,https://www.greatschools.org/school/rating.page?state=CA&id=10&s_cid=gsapi,https://www.greatschools.org/school/parentReviews.page?state=CA&id=10&s_cid=gsapi,https://www.greatschools.org/modperl/achievement/CA/10,CA,public,http://lms.alamedausd.ca.schoolloop.com/
"799 East Washington Avenue, 
El Cajon, CA  92020",El Cajon,San Diego County Office Of Education,1067,0691030,1607,(619) 579-5730,K-12,12032,8,32.78712,-116.95201,Literacy First Charter School,069103010374,https://www.greatschools.org/california/el-cajon/12032-Literacy-First-Charter-School/?s_cid=gsapi,(619) 579-7232,https://www.greatschools.org/school/rating.page?state=CA&id=12032&s_cid=gsapi,https://www.greatschools.org/school/parentReviews.page?state=CA&id=12032&s_cid=gsapi,https://www.greatschools.org/modperl/achievement/CA/12032,CA,charter,www.lfcsinc.org
"2875 Ocean View Boulevard, 
San Diego, CA  92113",San Diego,San Diego Unified School District,705,0634320,637,(619) 237-1004,K-8,6188,4,32.70114,-117.13181,Logan K-8,063432005503,https://www.greatschools.org/california/san-diego/6188-Logan-K-8/?s_cid=gsapi,(619) 344-6500,https://www.greatschools.org/school/rating.page?state=CA&id=6188&s_cid=gsapi,https://www.greatschools.org/school/parentReviews.page?state=CA&id=6188&s_cid=gsapi,https://www.greatschools.org/modperl/achievement/CA/6188,CA,public,https://www.sandiegounified.org/schools/logan
"3341 Browning Street, 
San Diego, CA  92106",San Diego,San Diego Unified School District,705,0634320,433,(619) 224-1352,K-4,6189,7,32.740158,-117.22244,Loma Portal Elementary School,063432005504,https://www.greatschools.org/california/san-diego/6189-Loma-Portal-Elementary-School/?s_cid=gsapi,(619) 223-1683,https://www.greatschools.org/school/rating.page?state=CA&id=6189&s_cid=gsapi,https://www.greatschools.org/school/parentReviews.page?state=CA&id=6189&s_cid=gsapi,https://www.greatschools.org/modperl/achievement/CA/6189,CA,public,http://www.lomaportalelementary.com/
"1385 Third Avenue, 
Chula Vista, CA  91911",Chula Vista,Sweetwater Union High School District,710,0638640,305,(619) 476-0913,9-12,12044,,32.604523,-117.06463,Maac Community Charter School,063864010384,https://www.greatschools.org/california/chula-vista/12044-Maac-Community-Charter-School/?s_cid=gsapi,(619) 476-0749,https://www.greatschools.org/school/rating.page?state=CA&id=12044&s_cid=gsapi,https://www.greatschools.org/school/parentReviews.page?state=CA&id=12044&s_cid=gsapi,https://www.greatschools.org/modperl/achievement/CA/12044,CA,charter,www.maacproject.org
"4502 Casey Road, 
Brawley, CA  92227",Brawley,Magnolia Union Elementary,168,0623460,130,(760) 344-8584,K-8,1114,7,32.981888,-115.42347,Magnolia Elementary School,062346003566,https://www.greatschools.org/california/brawley/1114-Magnolia-Elementary-School/?s_cid=gsapi,(760) 344-2494,https://www.greatschools.org/school/rating.page?state=CA&id=1114&s_cid=gsapi,https://www.greatschools.org/school/parentReviews.page?state=CA&id=1114&s_cid=gsapi,https://www.greatschools.org/modperl/achievement/CA/1114,CA,public,www.magnoliatigers.com
"6525 Estrella Ave, 
San Diego, CA  92120",San Diego,San Diego Unified School District,705,0634320,423,(619) 644-1600,6-8,14791,9,32.79169,-117.08784,Magnolia Science Academy San Diego,063432011393,https://www.greatschools.org/california/san-diego/14791-Magnolia-Science-Academy-San-Diego/?s_cid=gsapi,(619) 644-1300,https://www.greatschools.org/school/rating.page?state=CA&id=14791&s_cid=gsapi,https://www.greatschools.org/school/parentReviews.page?state=CA&id=14791&s_cid=gsapi,https://www.greatschools.org/modperl/achievement/CA/14791,CA,charter,http://msasd.magnoliapublicschools.org/
"505 Elm Avenue, 
Imperial Beach, CA  91932",Imperial Beach,Sweetwater Union High School District,710,0638640,1685,(619) 424-3579,9-12,6289,5,32.580235,-117.12223,Mar Vista Senior High School,063864006486,https://www.greatschools.org/california/imperial-beach/6289-Mar-Vista-Senior-High-School/?s_cid=gsapi,(619) 628-5700,https://www.greatschools.org/school/rating.page?state=CA&id=6289&s_cid=gsapi,https://www.greatschools.org/school/parentReviews.page?state=CA&id=6289&s_cid=gsapi,https://www.greatschools.org/modperl/achievement/CA/6289,CA,public,http://www.suhsd.k12.ca.us/mvh
"2295 Mackenzie Creek Road, 
Chula Vista, CA  91914",Chula Vista,Chula Vista Elementary School District,677,0608610,720,(619) 656-4248,K-6,11096,9,32.65903,-116.96821,Marshall (Thurgood) Elementary School,060861008298,https://www.greatschools.org/california/chula-vista/11096-Marshall-(Thurgood)-Elementary-School/?s_cid=gsapi,(619) 656-6262,https://www.greatschools.org/school/rating.page?state=CA&id=11096&s_cid=gsapi,https://www.greatschools.org/school/parentReviews.page?state=CA&id=11096&s_cid=gsapi,https://www.greatschools.org/modperl/achievement/CA/11096,CA,public,http://schools.cvesd.org/schools/marshall/
"3550 Altadena Avenue, 
San Diego, CA  92105",San Diego,San Diego Unified School District,705,0634320,524,(858) 563-4762,K-5,6194,5,32.742496,-117.08724,Marshall Elementary School,063432005512,https://www.greatschools.org/california/san-diego/6194-Marshall-Elementary-School/?s_cid=gsapi,(619) 344-5100,https://www.greatschools.org/school/rating.page?state=CA&id=6194&s_cid=gsapi,https://www.greatschools.org/school/parentReviews.page?state=CA&id=6194&s_cid=gsapi,https://www.greatschools.org/modperl/achievement/CA/6194,CA,public,
"3799 Clairemont Drive, 
San Diego, CA  92117",San Diego,San Diego Unified School District,705,0634320,739,(858) 272-3460,6-8,6196,5,32.80804,-117.19929,Marston Middle School,063432005513,https://www.greatschools.org/california/san-diego/6196-Marston-Middle-School/?s_cid=gsapi,(858) 273-2030,https://www.greatschools.org/school/rating.page?state=CA&id=6196&s_cid=gsapi,https://www.greatschools.org/school/parentReviews.page?state=CA&id=6196&s_cid=gsapi,https://www.greatschools.org/modperl/achievement/CA/6196,CA,public,http://www.sandi.net/marston
"5400 Maryland Avenue, 
La Mesa, CA  91941",La Mesa,La Mesa-Spring Valley School District,694,0620250,410,(619) 668-5746,K-6,5969,7,32.77764,-117.03819,Maryland Avenue Elementary School,062025002437,https://www.greatschools.org/california/la-mesa/5969-Maryland-Avenue-Elementary-School/?s_cid=gsapi,(619) 668-5744,https://www.greatschools.org/school/rating.page?state=CA&id=5969&s_cid=gsapi,https://www.greatschools.org/school/parentReviews.page?state=CA&id=5969&s_cid=gsapi,https://www.greatschools.org/modperl/achievement/CA/5969,CA,public,http://www.lmsvschools.org/marylandavenue
"700 North Avenue, 
Vista, CA  92084",Vista,Vista Unified School District,714,0641190,604,(760) 643-2668,K-5,16896,3,33.214878,-117.259796,Maryland Elementary School,064119011769,https://www.greatschools.org/california/vista/16896-Maryland-Elementary-School/?s_cid=gsapi,(760) 631-6675,https://www.greatschools.org/school/rating.page?state=CA&id=16896&s_cid=gsapi,https://www.greatschools.org/school/parentReviews.page?state=CA&id=16896&s_cid=gsapi,https://www.greatschools.org/modperl/achievement/CA/16896,CA,public,www.me.vistausd.org
"10340 San Ramon Drive, 
San Diego, CA  92126",San Diego,San Diego Unified School District,705,0634320,600,(858) 578-6822,PK-5,6198,7,32.90594,-117.14105,Mason Elementary School,063432005515,https://www.greatschools.org/california/san-diego/6198-Mason-Elementary-School/?s_cid=gsapi,(858) 271-0410,https://www.greatschools.org/school/rating.page?state=CA&id=6198&s_cid=gsapi,https://www.greatschools.org/school/parentReviews.page?state=CA&id=6198&s_cid=gsapi,https://www.greatschools.org/modperl/achievement/CA/6198,CA,public,https://www.sandiegounified.org/schools/mason
"1201 Santa Cora Avenue, 
Chula Vista, CA  91913",Chula Vista,Chula Vista Elementary School District,677,0608610,882,(619) 427-0463,K-6,12035,8,32.631794,-116.98533,McMillin (Corky) Elementary School,060861010377,https://www.greatschools.org/california/chula-vista/12035-McMillin-(Corky)-Elementary-School/?s_cid=gsapi,(619) 425-9600,https://www.greatschools.org/school/rating.page?state=CA&id=12035&s_cid=gsapi,https://www.greatschools.org/school/parentReviews.page?state=CA&id=12035&s_cid=gsapi,https://www.greatschools.org/modperl/achievement/CA/12035,CA,public,http://schools.cvesd.org/schools/mcmillin/
"8375 Entreken Way, 
San Diego, CA  92129",San Diego,Poway Unified School District,699,0631530,1273,(858) 538-8636,6-8,6036,9,32.96147,-117.14672,Mesa Verde Middle School,063153002667,https://www.greatschools.org/california/san-diego/6036-Mesa-Verde-Middle-School/?s_cid=gsapi,(858) 538-5478,https://www.greatschools.org/school/rating.page?state=CA&id=6036&s_cid=gsapi,https://www.greatschools.org/school/parentReviews.page?state=CA&id=6036&s_cid=gsapi,https://www.greatschools.org/modperl/achievement/CA/6036,CA,public,www.powayusd.com/pusdmvms
"1110 Carolina Lane, 
San Diego, CA  92102",San Diego,San Diego Unified School District,705,0634320,467,(619) 527-5138,6-8,24725,2,32.717255,-117.0886,Millennial Tech Middle School,063432012376,https://www.greatschools.org/california/san-diego/24725-Millennial-Tech-Middle-School/?s_cid=gsapi,(619) 527-6933,https://www.greatschools.org/school/rating.page?state=CA&id=24725&s_cid=gsapi,https://www.greatschools.org/school/parentReviews.page?state=CA&id=24725&s_cid=gsapi,https://www.greatschools.org/modperl/achievement/CA/24725,CA,public,http://www.mtechmiddle.org/
"1975 Miller Avenue, 
Escondido, CA  92025",Escondido,Escondido Union School District,684,0612880,481,(760) 745-2766,K-5,5898,6,33.096455,-117.07894,Miller Elementary School,061288001460,https://www.greatschools.org/california/escondido/5898-Miller-Elementary-School/?s_cid=gsapi,(760) 432-2470,https://www.greatschools.org/school/rating.page?state=CA&id=5898&s_cid=gsapi,https://www.greatschools.org/school/parentReviews.page?state=CA&id=5898&s_cid=gsapi,https://www.greatschools.org/modperl/achievement/CA/5898,CA,public,http://miller.eusd.org/
"4343 Shields Street, 
San Diego, CA  92124",San Diego,San Diego Unified School District,705,0634320,709,(858) 278-1649,K-5,6202,8,32.81854,-117.10758,Miller Elementary School,063432005519,https://www.greatschools.org/california/san-diego/6202-Miller-Elementary-School/?s_cid=gsapi,(858) 496-8319,https://www.greatschools.org/school/rating.page?state=CA&id=6202&s_cid=gsapi,https://www.greatschools.org/school/parentReviews.page?state=CA&id=6202&s_cid=gsapi,https://www.greatschools.org/modperl/achievement/CA/6202,CA,public,https://www.sandiegounified.org/schools/miller
"10510 Reagan Road, 
San Diego, CA  92126",San Diego,San Diego Unified School District,705,0634320,2453,(858) 549-9541,9-12,6203,9,32.910637,-117.14152,Mira Mesa High School,063432005520,https://www.greatschools.org/california/san-diego/6203-Mira-Mesa-High-School/?s_cid=gsapi,(858) 566-2262,https://www.greatschools.org/school/rating.page?state=CA&id=6203&s_cid=gsapi,https://www.greatschools.org/school/parentReviews.page?state=CA&id=6203&s_cid=gsapi,https://www.greatschools.org/modperl/achievement/CA/6203,CA,public,
"17117 4s Ranch Parkway, 
San Diego, CA  92127",San Diego,Poway Unified School District,699,0631530,1040,(858) 487-2050,K-5,17065,9,33.0264,-117.1094,Monterey Ridge Elementary School,063153011757,https://www.greatschools.org/california/san-diego/17065-Monterey-Ridge-Elementary-School/?s_cid=gsapi,(858) 487-6887,https://www.greatschools.org/school/rating.page?state=CA&id=17065&s_cid=gsapi,https://www.greatschools.org/school/parentReviews.page?state=CA&id=17065&s_cid=gsapi,https://www.greatschools.org/modperl/achievement/CA/17065,CA,public,www.powayusd.com/pusdmres
"3250 Palm Avenue, 
San Diego, CA  92154",San Diego,Sweetwater Union High School District,710,0638640,1723,(619) 424-6473,9-12,6291,5,32.58589,-117.06421,Montgomery Senior High School,063864006488,https://www.greatschools.org/california/san-diego/6291-Montgomery-Senior-High-School/?s_cid=gsapi,(619) 628-3800,https://www.greatschools.org/school/rating.page?state=CA&id=6291&s_cid=gsapi,https://www.greatschools.org/school/parentReviews.page?state=CA&id=6291&s_cid=gsapi,https://www.greatschools.org/modperl/achievement/CA/6291,CA,public,
"8770 Harbison Canyon Road, 
Alpine, CA  91901",Alpine,Alpine Union Elementary,672,0602100,51,(619) 659-2865,K-8,11095,,32.832817,-116.8171,Mountain View Learning Academy,060210007300,https://www.greatschools.org/california/alpine/11095-Mountain-View-Learning-Academy/?s_cid=gsapi,(619) 659-2854,https://www.greatschools.org/school/rating.page?state=CA&id=11095&s_cid=gsapi,https://www.greatschools.org/school/parentReviews.page?state=CA&id=11095&s_cid=gsapi,https://www.greatschools.org/modperl/achievement/CA/11095,CA,public,www.alpineschools.net/mountainview
"17427 Archie Moore Road, 
Ramona, CA  92065",Ramona,Ramona City Unified School District,700,0631710,501,(760) 788-5353,K-6,6058,6,33.03179,-116.95781,Mt. Woodson Elementary School,063171009617,https://www.greatschools.org/california/ramona/6058-Mt.-Woodson-Elementary-School/?s_cid=gsapi,(760) 788-5120,https://www.greatschools.org/school/rating.page?state=CA&id=6058&s_cid=gsapi,https://www.greatschools.org/school/parentReviews.page?state=CA&id=6058&s_cid=gsapi,https://www.greatschools.org/modperl/achievement/CA/6058,CA,public,
"655 West French Street, 
Willows, CA  95988",Willows,Willows Unified,131,0642710,639,(530) 934-6557,K-5,992,3,39.526768,-122.20146,Murdock Elementary School,064271006977,https://www.greatschools.org/california/willows/992-Murdock-Elementary-School/?s_cid=gsapi,(530) 934-6640,https://www.greatschools.org/school/rating.page?state=CA&id=992&s_cid=gsapi,https://www.greatschools.org/school/parentReviews.page?state=CA&id=992&s_cid=gsapi,https://www.greatschools.org/modperl/achievement/CA/992,CA,public,http://willowsunified.org/murdock/murdock.htm
"1455 Hollister Street, 
San Diego, CA  92154",San Diego,South Bay Union Elementary,703,0637380,935,(619) 628-0980,K-8,6080,8,32.570377,-117.08274,Nestor Language Academy Charter,063738006321,https://www.greatschools.org/california/san-diego/6080-Nestor-Language-Academy-Charter/?s_cid=gsapi,(619) 628-0900,https://www.greatschools.org/school/rating.page?state=CA&id=6080&s_cid=gsapi,https://www.greatschools.org/school/parentReviews.page?state=CA&id=6080&s_cid=gsapi,https://www.greatschools.org/modperl/achievement/CA/6080,CA,charter,www.sbusd.org/nestor/site/default.asp
"141 Santa Rosa Drive, 
Oceanside, CA  92058",Oceanside,Oceanside Unified School District,697,0628250,769,(760) 757-5872,K-8,6012,7,33.216835,-117.37768,North Terrace Elementary School,062825004366,https://www.greatschools.org/california/oceanside/6012-North-Terrace-Elementary-School/?s_cid=gsapi,(760) 901-7500,https://www.greatschools.org/school/rating.page?state=CA&id=6012&s_cid=gsapi,https://www.greatschools.org/school/parentReviews.page?state=CA&id=6012&s_cid=gsapi,https://www.greatschools.org/modperl/achievement/CA/6012,CA,public,http://nt.oside.us/
"2050 Minert Road, 
Concord, CA  94518",Concord,Mt. Diablo Unified School District,51,0626370,695,(925) 682-2083,6-8,488,1,37.93885,-122.03414,Oak Grove Middle School,062637003962,https://www.greatschools.org/california/concord/488-Oak-Grove-Middle-School/?s_cid=gsapi,(925) 682-1843,https://www.greatschools.org/school/rating.page?state=CA&id=488&s_cid=gsapi,https://www.greatschools.org/school/parentReviews.page?state=CA&id=488&s_cid=gsapi,https://www.greatschools.org/modperl/achievement/CA/488,CA,public,https://ogms-mdusd-ca.schoolloop.com/
"1056 Winterhaven Road, 
Fallbrook, CA  92028",Fallbrook,Fallbrook Union High,687,0613530,113,(760) 723-6411,9-12,11100,5,33.34854,-117.2381,Oasis High (Alternative) School,061353005258,https://www.greatschools.org/california/fallbrook/11100-Oasis-High-(Alternative)-School/?s_cid=gsapi,(760) 723-6395,https://www.greatschools.org/school/rating.page?state=CA&id=11100&s_cid=gsapi,https://www.greatschools.org/school/parentReviews.page?state=CA&id=11100&s_cid=gsapi,https://www.greatschools.org/modperl/achievement/CA/11100,CA,public,
"4919 Del Sol Boulevard, 
San Diego, CA  92154",San Diego,San Ysidro Elementary School District,711,0635220,682,(619) 710-0280,4-8,12043,6,32.57215,-117.02578,Ocean View Hills School,063522010382,https://www.greatschools.org/california/san-diego/12043-Ocean-View-Hills-School/?s_cid=gsapi,(619) 661-0457,https://www.greatschools.org/school/rating.page?state=CA&id=12043&s_cid=gsapi,https://www.greatschools.org/school/parentReviews.page?state=CA&id=12043&s_cid=gsapi,https://www.greatschools.org/modperl/achievement/CA/12043,CA,public,www.sysd.k12.ca.us
"1250 Olympic Parkway, 
Chula Vista, CA  91913",Chula Vista,Sweetwater Union High School District,710,0638640,2640,(619) 591-5010,9-12,12628,8,32.614506,-116.99241,Otay Ranch Senior High School,063864011264,https://www.greatschools.org/california/chula-vista/12628-Otay-Ranch-Senior-High-School/?s_cid=gsapi,(619) 591-5000,https://www.greatschools.org/school/rating.page?state=CA&id=12628&s_cid=gsapi,https://www.greatschools.org/school/parentReviews.page?state=CA&id=12628&s_cid=gsapi,https://www.greatschools.org/modperl/achievement/CA/12628,CA,public,www.sweetwaterschools.org
"1234 Tourmaline Street, 
San Diego, CA  92109",San Diego,San Diego Unified School District,705,0634320,418,(858) 488-7852,K-5,6216,8,32.80918,-117.25057,Pacific Beach Elementary School,063432005531,https://www.greatschools.org/california/san-diego/6216-Pacific-Beach-Elementary-School/?s_cid=gsapi,(858) 488-8316,https://www.greatschools.org/school/rating.page?state=CA&id=6216&s_cid=gsapi,https://www.greatschools.org/school/parentReviews.page?state=CA&id=6216&s_cid=gsapi,https://www.greatschools.org/modperl/achievement/CA/6216,CA,public,
"3670 Ocean Ranch Boulevard, 
Oceanside, CA  92056",Oceanside,Oceanside Unified School District,697,0628250,453,(760) 435-2666,K-12,11126,2,33.211174,-117.31342,Pacific View Charter School,062825008313,https://www.greatschools.org/california/oceanside/11126-Pacific-View-Charter-School/?s_cid=gsapi,(760) 757-0161,https://www.greatschools.org/school/rating.page?state=CA&id=11126&s_cid=gsapi,https://www.greatschools.org/school/parentReviews.page?state=CA&id=11126&s_cid=gsapi,https://www.greatschools.org/modperl/achievement/CA/11126,CA,charter,www.pacificview.org
"300 East Palomar Street, 
Chula Vista, CA  91911",Chula Vista,Chula Vista Elementary School District,677,0608610,389,(619) 420-8416,K-6,5847,7,32.613796,-117.04283,Palomar Elementary School,060861000871,https://www.greatschools.org/california/chula-vista/5847-Palomar-Elementary-School/?s_cid=gsapi,(619) 420-0134,https://www.greatschools.org/school/rating.page?state=CA&id=5847&s_cid=gsapi,https://www.greatschools.org/school/parentReviews.page?state=CA&id=5847&s_cid=gsapi,https://www.greatschools.org/modperl/achievement/CA/5847,CA,public,http://schools.cvesd.org/schools/palomar/
"33158 Cole Grade Road, 
Pauma Valley, CA  92061",Pauma Valley,Valley Center-Pauma Unified,1050,0600069,297,(760) 742-1214,K-8,11130,3,33.31571,-117.00148,Pauma Elementary School,060006908610,https://www.greatschools.org/california/pauma-valley/11130-Pauma-Elementary-School/?s_cid=gsapi,(760) 742-3741,https://www.greatschools.org/school/rating.page?state=CA&id=11130&s_cid=gsapi,https://www.greatschools.org/school/parentReviews.page?state=CA&id=11130&s_cid=gsapi,https://www.greatschools.org/modperl/achievement/CA/11130,CA,public,http://pauma.vcpusd.net/
"1935 Marlinda Way, 
El Cajon, CA  92020",El Cajon,Santee Elementary,702,0635880,828,(619) 956-5114,K-8,6069,8,32.826874,-116.95404,Pepper Drive Elementary School,063588006142,https://www.greatschools.org/california/el-cajon/6069-Pepper-Drive-Elementary-School/?s_cid=gsapi,(619) 956-5100,https://www.greatschools.org/school/rating.page?state=CA&id=6069&s_cid=gsapi,https://www.greatschools.org/school/parentReviews.page?state=CA&id=6069&s_cid=gsapi,https://www.greatschools.org/modperl/achievement/CA/6069,CA,public,www.santeesd.net
"1770 Main Street, 
San Diego, CA  92113",San Diego,San Diego Unified School District,705,0634320,473,(619) 234-7418,K-8,14439,3,32.701183,-117.14873,Perkins Elementary School,063432005506,https://www.greatschools.org/california/san-diego/14439-Perkins-Elementary-School/?s_cid=gsapi,(619) 344-5300,https://www.greatschools.org/school/rating.page?state=CA&id=14439&s_cid=gsapi,https://www.greatschools.org/school/parentReviews.page?state=CA&id=14439&s_cid=gsapi,https://www.greatschools.org/modperl/achievement/CA/14439,CA,public,http://www.sandi.net/
"6290 Oriskany Road, 
San Diego, CA  92139",San Diego,San Diego Unified School District,705,0634320,436,(619) 267-6172,K-5,6222,6,32.685436,-117.0595,Perry Elementary School,063432005535,https://www.greatschools.org/california/san-diego/6222-Perry-Elementary-School/?s_cid=gsapi,(619) 479-4040,https://www.greatschools.org/school/rating.page?state=CA&id=6222&s_cid=gsapi,https://www.greatschools.org/school/parentReviews.page?state=CA&id=6222&s_cid=gsapi,https://www.greatschools.org/modperl/achievement/CA/6222,CA,public,http://www.cde.ca.gov/re/sd/details.asp?cds=37683386040067&Public=Y
"350 North Victoria Avenue, 
Ventura, CA  93003",Ventura,Ventura Unified School District,1029,0640980,490,(805) 289-7970,K-5,7749,7,34.28428,-119.2159,Poinsettia Elementary School,064098006762,https://www.greatschools.org/california/ventura/7749-Poinsettia-Elementary-School/?s_cid=gsapi,(805) 289-7971,https://www.greatschools.org/school/rating.page?state=CA&id=7749&s_cid=gsapi,https://www.greatschools.org/school/parentReviews.page?state=CA&id=7749&s_cid=gsapi,https://www.greatschools.org/modperl/achievement/CA/7749,CA,public,www.venturausd.org/poinsettia.htm
"12321 Ninth Street, 
Poway, CA  92064",Poway,Poway Unified School District,699,0631530,440,(858) 748-8695,K-5,6042,7,32.95873,-117.06458,Pomerado Elementary School,063153004892,https://www.greatschools.org/california/poway/6042-Pomerado-Elementary-School/?s_cid=gsapi,(858) 748-1320,https://www.greatschools.org/school/rating.page?state=CA&id=6042&s_cid=gsapi,https://www.greatschools.org/school/parentReviews.page?state=CA&id=6042&s_cid=gsapi,https://www.greatschools.org/modperl/achievement/CA/6042,CA,public,www.powayusd.com/pusdpoes
"15500 Espola Road, 
Poway, CA  92064",Poway,Poway Unified School District,699,0631530,2252,(858) 679-6879,9-12,6043,9,32.99689,-117.02366,Poway High School,063153004893,https://www.greatschools.org/california/poway/6043-Poway-High-School/?s_cid=gsapi,(858) 748-0245,https://www.greatschools.org/school/rating.page?state=CA&id=6043&s_cid=gsapi,https://www.greatschools.org/school/parentReviews.page?state=CA&id=6043&s_cid=gsapi,https://www.greatschools.org/modperl/achievement/CA/6043,CA,public,www.powayusd.com/pusdphs
"9308 Winter Gardens Boulevard, 
Lakeside, CA  92040",Lakeside,Lakeside Union Elementary School District,692,0620790,577,(619) 390-2668,1-5,5946,9,32.84644,-116.93239,Riverview Elementary School,062079002497,https://www.greatschools.org/california/lakeside/5946-Riverview-Elementary-School/?s_cid=gsapi,(619) 390-2662,https://www.greatschools.org/school/rating.page?state=CA&id=5946&s_cid=gsapi,https://www.greatschools.org/school/parentReviews.page?state=CA&id=5946&s_cid=gsapi,https://www.greatschools.org/modperl/achievement/CA/5946,CA,public,www.lsusd.net
"1540 Malta Avenue, 
Chula Vista, CA  91911",Chula Vista,Chula Vista Elementary School District,677,0608610,373,(619) 476-0850,K-6,5851,7,32.602463,-117.04052,Rohr (Fred H.) Elementary School,060861000875,https://www.greatschools.org/california/chula-vista/5851-Rohr-(Fred-H.)-Elementary-School/?s_cid=gsapi,(619) 420-5533,https://www.greatschools.org/school/rating.page?state=CA&id=5851&s_cid=gsapi,https://www.greatschools.org/school/parentReviews.page?state=CA&id=5851&s_cid=gsapi,https://www.greatschools.org/modperl/achievement/CA/5851,CA,public,http://schools.cvesd.org/schools/rohr/
"6620 Marlowe Drive, 
San Diego, CA  92115",San Diego,San Diego Unified School District,705,0634320,230,(619) 344-3620,K-5,6225,6,32.747902,-117.05614,Rolando Park Elementary School,063432005540,https://www.greatschools.org/california/san-diego/6225-Rolando-Park-Elementary-School/?s_cid=gsapi,(619) 344-3600,https://www.greatschools.org/school/rating.page?state=CA&id=6225&s_cid=gsapi,https://www.greatschools.org/school/parentReviews.page?state=CA&id=6225&s_cid=gsapi,https://www.greatschools.org/modperl/achievement/CA/6225,CA,public,https://www.sandiegounified.org/schools/rolando-park
"3366 Park Boulevard, 
San Diego, CA  92103",San Diego,San Diego Unified School District,705,0634320,961,(619) 497-0918,6-8,6226,5,32.73953,-117.14926,Roosevelt International Middle School,063432005541,https://www.greatschools.org/california/san-diego/6226-Roosevelt-International-Middle-School/?s_cid=gsapi,(619) 293-4450,https://www.greatschools.org/school/rating.page?state=CA&id=6226&s_cid=gsapi,https://www.greatschools.org/school/parentReviews.page?state=CA&id=6226&s_cid=gsapi,https://www.greatschools.org/modperl/achievement/CA/6226,CA,public,
"906 North Rose Avenue, 
Escondido, CA  92027",Escondido,Escondido Union School District,684,0612880,580,(760) 745-3251,K-5,5905,5,33.143303,-117.06593,Rose Elementary School,061288001464,https://www.greatschools.org/california/escondido/5905-Rose-Elementary-School/?s_cid=gsapi,(760) 432-2495,https://www.greatschools.org/school/rating.page?state=CA&id=5905&s_cid=gsapi,https://www.greatschools.org/school/parentReviews.page?state=CA&id=5905&s_cid=gsapi,https://www.greatschools.org/modperl/achievement/CA/5905,CA,public,
"80 Flower Street, 
Chula Vista, CA  91911",Chula Vista,Chula Vista Elementary School District,677,0608610,573,(619) 422-5014,K-6,5852,7,32.64976,-117.07337,Rosebank Elementary School,060861000876,https://www.greatschools.org/california/chula-vista/5852-Rosebank-Elementary-School/?s_cid=gsapi,(619) 422-8329,https://www.greatschools.org/school/rating.page?state=CA&id=5852&s_cid=gsapi,https://www.greatschools.org/school/parentReviews.page?state=CA&id=5852&s_cid=gsapi,https://www.greatschools.org/modperl/achievement/CA/5852,CA,public,http://schools.cvesd.org/schools/rosebank/
"7260 Linda Vista Road, 
San Diego, CA  92111",San Diego,San Diego Unified School District,705,0634320,462,(858) 467-9741,K-8,12219,6,32.79146,-117.16685,San Diego Cooperative Charter School,063432010636,https://www.greatschools.org/california/san-diego/12219-San-Diego-Cooperative-Charter-School/?s_cid=gsapi,(858) 496-1613,https://www.greatschools.org/school/rating.page?state=CA&id=12219&s_cid=gsapi,https://www.greatschools.org/school/parentReviews.page?state=CA&id=12219&s_cid=gsapi,https://www.greatschools.org/modperl/achievement/CA/12219,CA,charter,www.sdccs.org
"3550 Logan Avenue, 
San Diego, CA  92113",San Diego,San Diego Unified School District,705,0634320,157,,K-8,27203,,32.69745,-117.11747,San Diego Cooperative Charter School 2,063432013580,https://www.greatschools.org/california/san-diego/27203-San-Diego-Cooperative-Charter-School-2/?s_cid=gsapi,(858) 496-1613,https://www.greatschools.org/school/rating.page?state=CA&id=27203&s_cid=gsapi,https://www.greatschools.org/school/parentReviews.page?state=CA&id=27203&s_cid=gsapi,https://www.greatschools.org/modperl/achievement/CA/27203,CA,charter,www.sdccs.org
"1405 Park Boulevard, 
San Diego, CA  92101",San Diego,San Diego Unified School District,705,0634320,653,(619) 525-7337,9-12,14157,3,32.719475,-117.15366,San Diego Business,063432011143,https://www.greatschools.org/california/san-diego/14157-San-Diego-Business/?s_cid=gsapi,(619) 525-7461,https://www.greatschools.org/school/rating.page?state=CA&id=14157&s_cid=gsapi,https://www.greatschools.org/school/parentReviews.page?state=CA&id=14157&s_cid=gsapi,https://www.greatschools.org/modperl/achievement/CA/14157,CA,public,http://biz.sdhs.sandi.net
"1405 Park Boulevard, 
San Diego, CA  92101",San Diego,San Diego Unified School District,705,0634320,832,(619) 744-7681,9-12,14146,9,32.719475,-117.15366,San Diego International Studies School,063432011140,https://www.greatschools.org/california/san-diego/14146-San-Diego-International-Studies-School/?s_cid=gsapi,(619) 525-7464,https://www.greatschools.org/school/rating.page?state=CA&id=14146&s_cid=gsapi,https://www.greatschools.org/school/parentReviews.page?state=CA&id=14146&s_cid=gsapi,https://www.greatschools.org/modperl/achievement/CA/14146,CA,public,http://is.sdhs.sandi.net
"1405 Park Boulevard, 
San Diego, CA  92101",San Diego,San Diego Unified School District,705,0634320,567,(619) 744-7677,9-12,14349,4,32.719475,-117.15366,San Diego Science and Technology School,063432011153,https://www.greatschools.org/california/san-diego/14349-San-Diego-Science-And-Technology-School/?s_cid=gsapi,(619) 525-7459,https://www.greatschools.org/school/rating.page?state=CA&id=14349&s_cid=gsapi,https://www.greatschools.org/school/parentReviews.page?state=CA&id=14349&s_cid=gsapi,https://www.greatschools.org/modperl/achievement/CA/14349,CA,public,https://www.sandiegounified.org/schools/san-diego-high-school-science-and-technology-scitech
"7250 Mesa College Drive, Room L-501, 
Room F258
San Diego, CA  92111",San Diego,San Diego Unified School District,705,0634320,117,(619) 388-5734,9-12,14544,6,32.805622,-117.17493,San Diego Metro Career and Tech School,063432011154,https://www.greatschools.org/california/san-diego/14544-San-Diego-Metro-Career-And-Tech-School/?s_cid=gsapi,(858) 388-2299,https://www.greatschools.org/school/rating.page?state=CA&id=14544&s_cid=gsapi,https://www.greatschools.org/school/parentReviews.page?state=CA&id=14544&s_cid=gsapi,https://www.greatschools.org/modperl/achievement/CA/14544,CA,public,http://sandiegomet.webs.com
"5050 Conrad Avenue, 
San Diego, CA  92117",San Diego,San Diego Unified School District,705,0634320,920,(858) 278-7462,6-8,12450,5,32.838463,-117.18203,"Creative, Performing, and Media Arts School",063432010635,"https://www.greatschools.org/california/san-diego/12450-Creative,-Performing,-And-Media-Arts-School/?s_cid=gsapi",(858) 800-5550,https://www.greatschools.org/school/rating.page?state=CA&id=12450&s_cid=gsapi,https://www.greatschools.org/school/parentReviews.page?state=CA&id=12450&s_cid=gsapi,https://www.greatschools.org/modperl/achievement/CA/12450,CA,public,
"11230 Avenida Del Gato, 
San Diego, CA  92126",San Diego,San Diego Unified School District,705,0634320,781,(858) 693-3896,K-5,6231,10,32.925835,-117.14979,Sandburg Elementary School,063432005545,https://www.greatschools.org/california/san-diego/6231-Sandburg-Elementary-School/?s_cid=gsapi,(858) 566-0510,https://www.greatschools.org/school/rating.page?state=CA&id=6231&s_cid=gsapi,https://www.greatschools.org/school/parentReviews.page?state=CA&id=6231&s_cid=gsapi,https://www.greatschools.org/modperl/achievement/CA/6231,CA,public,https://www.sandiegounified.org/schools/sandburg
"3540 Aero Court, 
San Diego, CA  92123",San Diego,San Diego Unified School District,705,0634320,275,(858) 874-5645,9-12 & ungraded,25267,5,32.807182,-117.14881,School for Entrepreneurship and Technology,063432012640,https://www.greatschools.org/california/san-diego/25267-School-For-Entrepreneurship-And-Technology/?s_cid=gsapi,(858) 874-4338,https://www.greatschools.org/school/rating.page?state=CA&id=25267&s_cid=gsapi,https://www.greatschools.org/school/parentReviews.page?state=CA&id=25267&s_cid=gsapi,https://www.greatschools.org/modperl/achievement/CA/25267,CA,charter,http://www.sethigh.org
"11778 Cypress Canyon Road, 
San Diego, CA  92131",San Diego,San Diego Unified School District,705,0634320,747,(858) 693-3604,K-5,12041,10,32.930115,-117.0823,Scripps Elementary School,063432010380,https://www.greatschools.org/california/san-diego/12041-Scripps-Elementary-School/?s_cid=gsapi,(858) 693-8593,https://www.greatschools.org/school/rating.page?state=CA&id=12041&s_cid=gsapi,https://www.greatschools.org/school/parentReviews.page?state=CA&id=12041&s_cid=gsapi,https://www.greatschools.org/modperl/achievement/CA/12041,CA,public,
"10410 Treena Street, 
San Diego, CA  92131",San Diego,San Diego Unified School District,705,0634320,2376,(858) 621-0646,9-12,6233,10,32.910213,-117.11374,Scripps Ranch High School,063432002688,https://www.greatschools.org/california/san-diego/6233-Scripps-Ranch-High-School/?s_cid=gsapi,(858) 621-9020,https://www.greatschools.org/school/rating.page?state=CA&id=6233&s_cid=gsapi,https://www.greatschools.org/school/parentReviews.page?state=CA&id=6233&s_cid=gsapi,https://www.greatschools.org/modperl/achievement/CA/6233,CA,public,http://srhs.falcons.org
"9 Lagunitas Road, 
Ross, CA  94957",Ross,Ross Elementary,436,0633660,366,(415) 457-8923,K-8,3466,9,37.96242,-122.55625,Ross Elementary School,063366005192,https://www.greatschools.org/california/ross/3466-Ross-Elementary-School/?s_cid=gsapi,(415) 457-2705,https://www.greatschools.org/school/rating.page?state=CA&id=3466&s_cid=gsapi,https://www.greatschools.org/school/parentReviews.page?state=CA&id=3466&s_cid=gsapi,https://www.greatschools.org/modperl/achievement/CA/3466,CA,public,www.rossbears.org
"3430 School Street, 
San Diego, CA  92116",San Diego,San Diego Unified School District,705,0634320,350,(619) 550-3637,K-5,25254,7,32.76259,-117.11906,San Diego Global Vision Academy,063432012630,https://www.greatschools.org/california/san-diego/25254-San-Diego-Global-Vision-Academy/?s_cid=gsapi,(619) 600-5321,https://www.greatschools.org/school/rating.page?state=CA&id=25254&s_cid=gsapi,https://www.greatschools.org/school/parentReviews.page?state=CA&id=25254&s_cid=gsapi,https://www.greatschools.org/modperl/achievement/CA/25254,CA,charter,www.sdgva.org
"23958 Avenue 324, 
Lemon Cove, CA  93244",Lemon Cove,Sequoia Union Elementary,979,0636360,305,(559) 564-2136,K-8,7493,6,36.3755,-119.0362,Sequoia Elementary School,063636006193,https://www.greatschools.org/california/lemon-cove/7493-Sequoia-Elementary-School/?s_cid=gsapi,(559) 564-2106,https://www.greatschools.org/school/rating.page?state=CA&id=7493&s_cid=gsapi,https://www.greatschools.org/school/parentReviews.page?state=CA&id=7493&s_cid=gsapi,https://www.greatschools.org/modperl/achievement/CA/7493,CA,public,
"5156 Santo Road, 
San Diego, CA  92124",San Diego,San Diego Unified School District,705,0634320,1796,(858) 571-3457,9-12,6235,7,32.825443,-117.10814,Serra High School,063432005549,https://www.greatschools.org/california/san-diego/6235-Serra-High-School/?s_cid=gsapi,(858) 496-8342,https://www.greatschools.org/school/rating.page?state=CA&id=6235&s_cid=gsapi,https://www.greatschools.org/school/parentReviews.page?state=CA&id=6235&s_cid=gsapi,https://www.greatschools.org/modperl/achievement/CA/6235,CA,public,
"8770 Harbison Canyon Road, 
Alpine, CA  91901",Alpine,Alpine Union Elementary,672,0602100,261,(619) 445-2157,K-5,5788,6,32.832817,-116.8171,Shadow Hills Elementary School,060210009112,https://www.greatschools.org/california/alpine/5788-Shadow-Hills-Elementary-School/?s_cid=gsapi,(619) 445-2977,https://www.greatschools.org/school/rating.page?state=CA&id=5788&s_cid=gsapi,https://www.greatschools.org/school/parentReviews.page?state=CA&id=5788&s_cid=gsapi,https://www.greatschools.org/modperl/achievement/CA/5788,CA,public,www.alpineschools.net/shadowhills
"11775 Shoal Creek Drive, 
San Diego, CA  92128",San Diego,Poway Unified School District,699,0631530,612,(858) 613-0375,K-5,6046,8,32.967247,-117.08179,Shoal Creek Elementary School,063153007679,https://www.greatschools.org/california/san-diego/6046-Shoal-Creek-Elementary-School/?s_cid=gsapi,(858) 613-9080,https://www.greatschools.org/school/rating.page?state=CA&id=6046&s_cid=gsapi,https://www.greatschools.org/school/parentReviews.page?state=CA&id=6046&s_cid=gsapi,https://www.greatschools.org/modperl/achievement/CA/6046,CA,public,www.powayusd.com/pusdsces
"2710 Iris Street, 
San Diego, CA  92154",San Diego,Sweetwater Union High School District,710,0638640,675,(619) 575-4871,7-8,6295,2,32.57025,-117.0738,Southwest Middle School,063864006491,https://www.greatschools.org/california/san-diego/6295-Southwest-Middle-School/?s_cid=gsapi,(619) 628-4000,https://www.greatschools.org/school/rating.page?state=CA&id=6295&s_cid=gsapi,https://www.greatschools.org/school/parentReviews.page?state=CA&id=6295&s_cid=gsapi,https://www.greatschools.org/modperl/achievement/CA/6295,CA,public,www.sweetwaterschools.org
"Fourth Street And Hatton Avenue, 
Spreckels, CA  93962",Spreckels,Spreckels Union Elementary,396,0637710,609,(831) 455-0786,K-5,3322,6,36.625443,-121.6453,Spreckels Elementary School,063771006381,https://www.greatschools.org/california/spreckels/3322-Spreckels-Elementary-School/?s_cid=gsapi,(831) 455-1831,https://www.greatschools.org/school/rating.page?state=CA&id=3322&s_cid=gsapi,https://www.greatschools.org/school/parentReviews.page?state=CA&id=3322&s_cid=gsapi,https://www.greatschools.org/modperl/achievement/CA/3322,CA,public,
"3825 Sunset Lane, 
San Ysidro, CA  92173",San Ysidro,San Ysidro Elementary School District,711,0635220,796,(619) 428-0065,PK-6,6302,5,32.558002,-117.04999,Sunset Elementary School,063522005966,https://www.greatschools.org/california/san-ysidro/6302-Sunset-Elementary-School/?s_cid=gsapi,(619) 428-1148,https://www.greatschools.org/school/rating.page?state=CA&id=6302&s_cid=gsapi,https://www.greatschools.org/school/parentReviews.page?state=CA&id=6302&s_cid=gsapi,https://www.greatschools.org/modperl/achievement/CA/6302,CA,public,www.sysd.k12.ca.us
"10201 Settle Road, 
Santee, CA  92071",Santee,Santee Elementary,702,0635880,329,(619) 956-5412,K-6,6073,8,32.862778,-117.00392,Sycamore Canyon Elementary School,063588006146,https://www.greatschools.org/california/santee/6073-Sycamore-Canyon-Elementary-School/?s_cid=gsapi,(619) 956-5400,https://www.greatschools.org/school/rating.page?state=CA&id=6073&s_cid=gsapi,https://www.greatschools.org/school/parentReviews.page?state=CA&id=6073&s_cid=gsapi,https://www.greatschools.org/modperl/achievement/CA/6073,CA,public,www.santeesd.net
"2050 Coronado Avenue, 
San Diego, CA  92154",San Diego,South Bay Union Elementary,703,0637380,978,(619) 424-0180,K-6,11120,5,32.5775,-117.08954,Teofilo Mendoza School,063738008308,https://www.greatschools.org/california/san-diego/11120-Teofilo-Mendoza-School/?s_cid=gsapi,(619) 424-0100,https://www.greatschools.org/school/rating.page?state=CA&id=11120&s_cid=gsapi,https://www.greatschools.org/school/parentReviews.page?state=CA&id=11120&s_cid=gsapi,https://www.greatschools.org/modperl/achievement/CA/11120,CA,public,
"44820 North 27th Street, East, 
East
Lancaster, CA  93535",Lancaster,Eastside Union Elementary,269,0611910,656,(661) 946-3198,K-6,1690,3,34.69752,-118.08139,Tierra Bonita Elementary School,061191007108,https://www.greatschools.org/california/lancaster/1690-Tierra-Bonita-Elementary-School/?s_cid=gsapi,(661) 946-3038,https://www.greatschools.org/school/rating.page?state=CA&id=1690&s_cid=gsapi,https://www.greatschools.org/school/parentReviews.page?state=CA&id=1690&s_cid=gsapi,https://www.greatschools.org/modperl/achievement/CA/1690,CA,public,www.tierrabonita.eastside.k12.ca.us
"5450 Lacuenta Drive, 
San Diego, CA  92124",San Diego,San Diego Unified School District,705,0634320,472,(858) 627-9753,K-5,6243,9,32.829758,-117.09729,Tierrasanta Elementary School,063432005559,https://www.greatschools.org/california/san-diego/6243-Tierrasanta-Elementary-School/?s_cid=gsapi,(858) 496-8255,https://www.greatschools.org/school/rating.page?state=CA&id=6243&s_cid=gsapi,https://www.greatschools.org/school/parentReviews.page?state=CA&id=6243&s_cid=gsapi,https://www.greatschools.org/modperl/achievement/CA/6243,CA,public,
"3350 Baker Street, 
San Diego, CA  92117",San Diego,San Diego Unified School District,705,0634320,249,(858) 483-3832,K-5,6244,7,32.801384,-117.20927,Toler Elementary School,063432005560,https://www.greatschools.org/california/san-diego/6244-Toler-Elementary-School/?s_cid=gsapi,(858) 273-0294,https://www.greatschools.org/school/rating.page?state=CA&id=6244&s_cid=gsapi,https://www.greatschools.org/school/parentReviews.page?state=CA&id=6244&s_cid=gsapi,https://www.greatschools.org/modperl/achievement/CA/6244,CA,public,http://www.sandi.net/toler
"1 Cassou Road, 
San Marcos, CA  92069",San Marcos,San Marcos Unified School District,706,0634880,658,(760) 752-3155,K-5,6269,6,33.17855,-117.15542,Twin Oaks Elementary School,063488007719,https://www.greatschools.org/california/san-marcos/6269-Twin-Oaks-Elementary-School/?s_cid=gsapi,(760) 290-2588,https://www.greatschools.org/school/rating.page?state=CA&id=6269&s_cid=gsapi,https://www.greatschools.org/school/parentReviews.page?state=CA&id=6269&s_cid=gsapi,https://www.greatschools.org/modperl/achievement/CA/6269,CA,public,www.smusd.org
"14640 Tierra Bonita Road, 
Poway, CA  92064",Poway,Poway Unified School District,699,0631530,1192,(858) 679-6823,6-8,6051,8,32.980106,-117.02766,Twin Peaks Middle School,063153004898,https://www.greatschools.org/california/poway/6051-Twin-Peaks-Middle-School/?s_cid=gsapi,(858) 748-5131,https://www.greatschools.org/school/rating.page?state=CA&id=6051&s_cid=gsapi,https://www.greatschools.org/school/parentReviews.page?state=CA&id=6051&s_cid=gsapi,https://www.greatschools.org/modperl/achievement/CA/6051,CA,public,www.powayusd.com/pusdtpms
"6949 Genesee Avenue, 
San Diego, CA  92122",San Diego,San Diego Unified School District,705,0634320,1758,(858) 457-4228,9-12,6248,9,32.861156,-117.20953,University City High School,063432007838,https://www.greatschools.org/california/san-diego/6248-University-City-High-School/?s_cid=gsapi,(858) 457-3040,https://www.greatschools.org/school/rating.page?state=CA&id=6248&s_cid=gsapi,https://www.greatschools.org/school/parentReviews.page?state=CA&id=6248&s_cid=gsapi,https://www.greatschools.org/modperl/achievement/CA/6248,CA,public,https://www.sandiegounified.org/schools/university-city
"600 North Santa Fe Avenue, 
Vista, CA  92083",Vista,Vista Unified School District,714,0641190,627,(760) 945-3201,K-5,6329,3,33.207466,-117.24503,Vista Academy Of Visual And Performing Arts,064119006822,https://www.greatschools.org/california/vista/6329-Vista-Academy-Of-Visual-And-Performing-Arts/?s_cid=gsapi,(760) 941-0880,https://www.greatschools.org/school/rating.page?state=CA&id=6329&s_cid=gsapi,https://www.greatschools.org/school/parentReviews.page?state=CA&id=6329&s_cid=gsapi,https://www.greatschools.org/modperl/achievement/CA/6329,CA,public,www.vapa.vistausd.org/
"11800 Pala Mission Road, 
Pala, CA  92059",Pala,Bonsall Unified,1553,0601426,100,(760) 742-3102,K-5,5791,4,33.36508,-117.07172,Vivian Banks Charter School,060567006481,https://www.greatschools.org/california/pala/5791-Vivian-Banks-Charter-School/?s_cid=gsapi,(760) 742-3300,https://www.greatschools.org/school/rating.page?state=CA&id=5791&s_cid=gsapi,https://www.greatschools.org/school/parentReviews.page?state=CA&id=5791&s_cid=gsapi,https://www.greatschools.org/modperl/achievement/CA/5791,CA,charter,http://www.bonsallusd.com
"1376 Pepper Drive, 
El Cajon, CA  92021",El Cajon,Cajon Valley Union School District,676,0606810,482,(619) 579-4887,K-5,5811,3,32.82085,-116.93116,W. D. Hall Elementary School,060681000616,https://www.greatschools.org/california/el-cajon/5811-W.-D.-Hall-Elementary-School/?s_cid=gsapi,(619) 588-3136,https://www.greatschools.org/school/rating.page?state=CA&id=5811&s_cid=gsapi,https://www.greatschools.org/school/parentReviews.page?state=CA&id=5811&s_cid=gsapi,https://www.greatschools.org/modperl/achievement/CA/5811,CA,public,http://www.cajonvalley.net/Domain/19
"9225 Hillery Drive, 
San Diego, CA  92126",San Diego,San Diego Unified School District,705,0634320,425,(858) 578-8364,PK-5,6251,5,32.912865,-117.12669,Walker Elementary School,063432005565,https://www.greatschools.org/california/san-diego/6251-Walker-Elementary-School/?s_cid=gsapi,(858) 271-8050,https://www.greatschools.org/school/rating.page?state=CA&id=6251&s_cid=gsapi,https://www.greatschools.org/school/parentReviews.page?state=CA&id=6251&s_cid=gsapi,https://www.greatschools.org/modperl/achievement/CA/6251,CA,public,https://www.sandiegounified.org/schools/walker
"9230 Gold Coast Drive, 
San Diego, CA  92126",San Diego,San Diego Unified School District,705,0634320,944,(858) 578-9481,6-8,6252,6,32.906895,-117.12547,Wangenheim Middle School,063432005566,https://www.greatschools.org/california/san-diego/6252-Wangenheim-Middle-School/?s_cid=gsapi,(858) 578-1400,https://www.greatschools.org/school/rating.page?state=CA&id=6252&s_cid=gsapi,https://www.greatschools.org/school/parentReviews.page?state=CA&id=6252&s_cid=gsapi,https://www.greatschools.org/modperl/achievement/CA/6252,CA,public,https://www.sandiegounified.org/schools/wangenheim
"1 School Street, 
Washington, CA  95986",Washington,Twin Ridges Elementary,461,0600012,6,(530) 265-6588,K-8,3574,,39.358395,-120.7999,Washington Elementary School,060001206852,https://www.greatschools.org/california/washington/3574-Washington-Elementary-School/?s_cid=gsapi,(530) 265-2880,https://www.greatschools.org/school/rating.page?state=CA&id=3574&s_cid=gsapi,https://www.greatschools.org/school/parentReviews.page?state=CA&id=3574&s_cid=gsapi,https://www.greatschools.org/modperl/achievement/CA/3574,CA,public,www.twinridgeselementary.com
"13500 Camino Del Sur, 
San Diego, CA  92129",San Diego,Poway Unified School District,699,0631530,2283,(858) 780-2054,9-12,12216,10,32.965538,-117.14853,Westview High School,063153010632,https://www.greatschools.org/california/san-diego/12216-Westview-High-School/?s_cid=gsapi,(858) 780-2000,https://www.greatschools.org/school/rating.page?state=CA&id=12216&s_cid=gsapi,https://www.greatschools.org/school/parentReviews.page?state=CA&id=12216&s_cid=gsapi,https://www.greatschools.org/modperl/achievement/CA/12216,CA,public,www.powayusd.com/pusdwvhs
"11733 East 205th Street, 
Lakewood, CA  90715",Lakewood,Abc Unified School District,246,0601620,488,(562) 402-9837,K-6,1431,3,33.84426,-118.08346,Willow Elementary School,060162000030,https://www.greatschools.org/california/lakewood/1431-Willow-Elementary-School/?s_cid=gsapi,(562) 229-7910,https://www.greatschools.org/school/rating.page?state=CA&id=1431&s_cid=gsapi,https://www.greatschools.org/school/parentReviews.page?state=CA&id=1431&s_cid=gsapi,https://www.greatschools.org/modperl/achievement/CA/1431,CA,public,
"1950 Wolf Canyon Loop, 
Chula Vista, CA  91913",Chula Vista,Chula Vista Elementary School District,677,0608610,747,(619) 482-7766,K-6,17509,9,32.611603,-116.97477,Wolf Canyon Elementary School,060861011875,https://www.greatschools.org/california/chula-vista/17509-Wolf-Canyon-Elementary-School/?s_cid=gsapi,(619) 482-8877,https://www.greatschools.org/school/rating.page?state=CA&id=17509&s_cid=gsapi,https://www.greatschools.org/school/parentReviews.page?state=CA&id=17509&s_cid=gsapi,https://www.greatschools.org/modperl/achievement/CA/17509,CA,public,http://schools.cvesd.org/schools/wolfcanyon/
"5951 Village Center Loop Road, 
San Diego, CA  92130",San Diego,San Dieguito Union High,704,0634380,1991,(858) 350-0280,9-12,14326,10,32.96026,-117.18837,Canyon Crest Academy,063438011396,https://www.greatschools.org/california/san-diego/14326-Canyon-Crest-Academy/?s_cid=gsapi,(858) 350-0253,https://www.greatschools.org/school/rating.page?state=CA&id=14326&s_cid=gsapi,https://www.greatschools.org/school/parentReviews.page?state=CA&id=14326&s_cid=gsapi,https://www.greatschools.org/modperl/achievement/CA/14326,CA,public,www.sduhsd.net
"3800 Mykonos Lane, 
San Diego, CA  92130",San Diego,San Dieguito Union High,704,0634380,1531,(858) 481-8256,7-8,11118,9,32.946644,-117.22897,Carmel Valley Middle School,063438008307,https://www.greatschools.org/california/san-diego/11118-Carmel-Valley-Middle-School/?s_cid=gsapi,(858) 481-8221,https://www.greatschools.org/school/rating.page?state=CA&id=11118&s_cid=gsapi,https://www.greatschools.org/school/parentReviews.page?state=CA&id=11118&s_cid=gsapi,https://www.greatschools.org/modperl/achievement/CA/11118,CA,public,http://sduhsd.net/cv
"2150 Village Park Way, 
Encinitas, CA  92024",Encinitas,San Dieguito Union High,704,0634380,952,(760) 944-3717,7-8,6086,9,33.056602,-117.242,Diegueno Middle School,063438008186,https://www.greatschools.org/california/encinitas/6086-Diegueno-Middle-School/?s_cid=gsapi,(760) 944-1892,https://www.greatschools.org/school/rating.page?state=CA&id=6086&s_cid=gsapi,https://www.greatschools.org/school/parentReviews.page?state=CA&id=6086&s_cid=gsapi,https://www.greatschools.org/modperl/achievement/CA/6086,CA,public,http://dg.sduhsd.net/
"6475 Antigua Boulevard, 
San Diego, CA  92124",San Diego,San Diego Unified School District,705,0634320,472,(858) 569-7418,K-5,6178,8,32.835865,-117.09066,Kumeyaay Elementary School,063432003952,https://www.greatschools.org/california/san-diego/6178-Kumeyaay-Elementary-School/?s_cid=gsapi,(858) 279-1022,https://www.greatschools.org/school/rating.page?state=CA&id=6178&s_cid=gsapi,https://www.greatschools.org/school/parentReviews.page?state=CA&id=6178&s_cid=gsapi,https://www.greatschools.org/modperl/achievement/CA/6178,CA,public,https://www.sandiegounified.org/schools/kumeyaay
"9405 Gregory Street, 
La Mesa, CA  91942",La Mesa,La Mesa-Spring Valley School District,694,0620250,487,(619) 668-8340,K-6,5972,5,32.790905,-116.99398,Northmont Elementary School,062025002440,https://www.greatschools.org/california/la-mesa/5972-Northmont-Elementary-School/?s_cid=gsapi,(619) 668-5830,https://www.greatschools.org/school/rating.page?state=CA&id=5972&s_cid=gsapi,https://www.greatschools.org/school/parentReviews.page?state=CA&id=5972&s_cid=gsapi,https://www.greatschools.org/modperl/achievement/CA/5972,CA,public,http://www.lmsvschools.org/northmont
"1100 Camino De Las Ondas, 
Carlsbad, CA  92009",Carlsbad,Carlsbad Unified School District,680,0607500,866,(760) 929-1778,K-5,11125,10,33.110226,-117.30595,Pacific Rim Elementary School,060750008312,https://www.greatschools.org/california/carlsbad/11125-Pacific-Rim-Elementary-School/?s_cid=gsapi,(760) 331-6200,https://www.greatschools.org/school/rating.page?state=CA&id=11125&s_cid=gsapi,https://www.greatschools.org/school/parentReviews.page?state=CA&id=11125&s_cid=gsapi,https://www.greatschools.org/modperl/achievement/CA/11125,CA,public,www.carlsbadusd.k12.ca.us
"800 Santa Fe Drive, 
Encinitas, CA  92024",Encinitas,San Dieguito Union High,704,0634380,1640,(760) 753-8142,9-12,6089,9,33.036297,-117.27501,San Dieguito High Academy,063438005577,https://www.greatschools.org/california/encinitas/6089-San-Dieguito-High-Academy/?s_cid=gsapi,(760) 753-1121,https://www.greatschools.org/school/rating.page?state=CA&id=6089&s_cid=gsapi,https://www.greatschools.org/school/parentReviews.page?state=CA&id=6089&s_cid=gsapi,https://www.greatschools.org/modperl/achievement/CA/6089,CA,public,http://www.sduhsd.k12.ca.us
"10830 Calle Mar De Mariposa, 
San Diego, CA  92130",San Diego,Del Mar Union Elementary,682,0610740,641,(858) 481-0344,K-6,12213,9,32.914387,-117.22375,Torrey Hills School,061074010627,https://www.greatschools.org/california/san-diego/12213-Torrey-Hills-School/?s_cid=gsapi,(858) 481-4266,https://www.greatschools.org/school/rating.page?state=CA&id=12213&s_cid=gsapi,https://www.greatschools.org/school/parentReviews.page?state=CA&id=12213&s_cid=gsapi,https://www.greatschools.org/modperl/achievement/CA/12213,CA,public,www.dmusd.org/torrey
"3697 La Mirada Drive, 
San Marcos, CA  92078",San Marcos,San Marcos Unified School District,706,0634880,760,(760) 598-5727,K-5,6260,2,33.14383,-117.20379,Alvin M. Dunn Elementary School,063488005889,https://www.greatschools.org/california/san-marcos/6260-Alvin-M.-Dunn-Elementary-School/?s_cid=gsapi,(760) 290-2000,https://www.greatschools.org/school/rating.page?state=CA&id=6260&s_cid=gsapi,https://www.greatschools.org/school/parentReviews.page?state=CA&id=6260&s_cid=gsapi,https://www.greatschools.org/modperl/achievement/CA/6260,CA,public,www.smusd.org
"1175 Linda Vista Drive, 
San Marcos, CA  92078",San Marcos,San Marcos Unified School District,706,0634880,112,(760) 736-0275,K-12,14996,4,33.151787,-117.19892,Bayshore Preparatory Charter School,063488011405,https://www.greatschools.org/california/san-marcos/14996-Bayshore-Preparatory-Charter-School/?s_cid=gsapi,(760) 471-0847,https://www.greatschools.org/school/rating.page?state=CA&id=14996&s_cid=gsapi,https://www.greatschools.org/school/parentReviews.page?state=CA&id=14996&s_cid=gsapi,https://www.greatschools.org/modperl/achievement/CA/14996,CA,charter,www.bayshoreprep.org
"2875 Poinsettia Lane, 
Carlsbad, CA  92009",Carlsbad,San Marcos Unified School District,706,0634880,1058,(760) 736-2203,K-5,11229,9,33.119495,-117.24191,Carrillo Elementary School,063488008314,https://www.greatschools.org/california/carlsbad/11229-Carrillo-Elementary-School/?s_cid=gsapi,(760) 290-2900,https://www.greatschools.org/school/rating.page?state=CA&id=11229&s_cid=gsapi,https://www.greatschools.org/school/parentReviews.page?state=CA&id=11229&s_cid=gsapi,https://www.greatschools.org/modperl/achievement/CA/11229,CA,public,www.smusd.org
"7500 Vaquero Avenue, 
Bakersfield, CA  93308",Bakersfield,Fruitvale Elementary,213,0614700,872,(661) 587-9413,K-6,1256,8,35.39919,-119.0858,Discovery Elementary School,061470010222,https://www.greatschools.org/california/bakersfield/1256-Discovery-Elementary-School/?s_cid=gsapi,(661) 589-7336,https://www.greatschools.org/school/rating.page?state=CA&id=1256&s_cid=gsapi,https://www.greatschools.org/school/parentReviews.page?state=CA&id=1256&s_cid=gsapi,https://www.greatschools.org/modperl/achievement/CA/1256,CA,public,http://discovery.fruitvale.k12.ca.us
"111 San Elijo Rd., 
San Marcos, CA  92069",San Marcos,San Marcos Unified School District,706,0634880,1100,(760) 471-4928,K-8,32388,,33.10638,-117.165825,Double Peak K-8,13965,https://www.greatschools.org/california/san-marcos/32388-Double-Peak-K-8/?s_cid=gsapi,(760) 290-2340,https://www.greatschools.org/school/rating.page?state=CA&id=32388&s_cid=gsapi,https://www.greatschools.org/school/parentReviews.page?state=CA&id=32388&s_cid=gsapi,https://www.greatschools.org/modperl/achievement/CA/32388,CA,public,http://www.smusd.org/DoublePeak
"1370 Oak Drive, 
Vista, CA  92084",Vista,Vista Unified School District,714,0641190,748,(760) 631-3464,K-5,14143,3,33.218212,-117.22183,Foothill Oak Elementary School,064119011400,https://www.greatschools.org/california/vista/14143-Foothill-Oak-Elementary-School/?s_cid=gsapi,(760) 631-3458,https://www.greatschools.org/school/rating.page?state=CA&id=14143&s_cid=gsapi,https://www.greatschools.org/school/parentReviews.page?state=CA&id=14143&s_cid=gsapi,https://www.greatschools.org/modperl/achievement/CA/14143,CA,public,www.fho.vistausd.org
"500 West Madison, 
El Cajon, CA  92020",El Cajon,Cajon Valley Union School District,676,0606810,661,(619) 579-4852,K-5,5814,2,32.8008,-116.9562,Johnson Elementary School,060681000617,https://www.greatschools.org/california/el-cajon/5814-Johnson-Elementary-School/?s_cid=gsapi,(619) 588-3139,https://www.greatschools.org/school/rating.page?state=CA&id=5814&s_cid=gsapi,https://www.greatschools.org/school/parentReviews.page?state=CA&id=5814&s_cid=gsapi,https://www.greatschools.org/modperl/achievement/CA/5814,CA,public,http://www.cajonvalley.net/johnson
"415 31st Street, 
San Diego, CA  92102",San Diego,San Diego Unified School District,705,0634320,401,(619) 696-7459,K-2,6175,,32.70986,-117.12634,King-Chavez Primary Academy,063432005556,https://www.greatschools.org/california/san-diego/6175-King-Chavez-Primary-Academy/?s_cid=gsapi,(619) 525-7320,https://www.greatschools.org/school/rating.page?state=CA&id=6175&s_cid=gsapi,https://www.greatschools.org/school/parentReviews.page?state=CA&id=6175&s_cid=gsapi,https://www.greatschools.org/modperl/achievement/CA/6175,CA,charter,www.kingchavez.org
"1 Maverick Way, 
Encinitas, CA  92009",Encinitas,San Dieguito Union High,704,0634380,2295,(760) 943-3539,9-12,6087,9,33.073174,-117.228065,La Costa Canyon High School,063438006516,https://www.greatschools.org/california/encinitas/6087-La-Costa-Canyon-High-School/?s_cid=gsapi,(760) 436-6136,https://www.greatschools.org/school/rating.page?state=CA&id=6087&s_cid=gsapi,https://www.greatschools.org/school/parentReviews.page?state=CA&id=6087&s_cid=gsapi,https://www.greatschools.org/modperl/achievement/CA/6087,CA,public,http://lc.sduhsd.net/
"36825 Foothill Road, 
Soledad, CA  93960",Soledad,Mission Union Elementary,386,0625110,129,(831) 678-0491,K-8,3260,4,36.40153,-121.37741,Mission Elementary School,062511003725,https://www.greatschools.org/california/soledad/3260-Mission-Elementary-School/?s_cid=gsapi,(831) 678-3524,https://www.greatschools.org/school/rating.page?state=CA&id=3260&s_cid=gsapi,https://www.greatschools.org/school/parentReviews.page?state=CA&id=3260&s_cid=gsapi,https://www.greatschools.org/modperl/achievement/CA/3260,CA,public,
"1999 California Street, 
Oceanside, CA  92054",Oceanside,Oceanside Unified School District,697,0628250,708,(760) 433-6795,K-5,6016,5,33.190445,-117.34792,Palmquist Elementary School,062825004370,https://www.greatschools.org/california/oceanside/6016-Palmquist-Elementary-School/?s_cid=gsapi,(760) 901-8500,https://www.greatschools.org/school/rating.page?state=CA&id=6016&s_cid=gsapi,https://www.greatschools.org/school/parentReviews.page?state=CA&id=6016&s_cid=gsapi,https://www.greatschools.org/modperl/achievement/CA/6016,CA,public,www.palmquist.oside.us/
"4575 Douglas Drive, 
Oceanside, CA  92057",Oceanside,Oceanside Unified School District,697,0628250,641,(760) 433-5329,K-5,6017,4,33.255836,-117.31438,Reynolds Elementary School,062825009169,https://www.greatschools.org/california/oceanside/6017-Reynolds-Elementary-School/?s_cid=gsapi,(760) 901-7200,https://www.greatschools.org/school/rating.page?state=CA&id=6017&s_cid=gsapi,https://www.greatschools.org/school/parentReviews.page?state=CA&id=6017&s_cid=gsapi,https://www.greatschools.org/modperl/achievement/CA/6017,CA,public,www.reynolds.oside.us/
"1615 Schoolhouse Way, 
San Marcos, CA  92078",San Marcos,San Marcos Unified School District,706,0634880,1460,(760) 290-2807,K-5,17072,8,33.1,-117.1953,San Elijo Elementary School,063488011771,https://www.greatschools.org/california/san-marcos/17072-San-Elijo-Elementary-School/?s_cid=gsapi,(760) 290-2600,https://www.greatschools.org/school/rating.page?state=CA&id=17072&s_cid=gsapi,https://www.greatschools.org/school/parentReviews.page?state=CA&id=17072&s_cid=gsapi,https://www.greatschools.org/modperl/achievement/CA/17072,CA,public,www.smusd.org
"1600 Schoolhouse Way, 
San Marcos, CA  92078",San Marcos,San Marcos Unified School District,706,0634880,1850,(760) 290-2828,6-8,13780,8,33.100895,-117.19734,San Elijo Middle School,063488011403,https://www.greatschools.org/california/san-marcos/13780-San-Elijo-Middle-School/?s_cid=gsapi,(760) 290-2800,https://www.greatschools.org/school/rating.page?state=CA&id=13780&s_cid=gsapi,https://www.greatschools.org/school/parentReviews.page?state=CA&id=13780&s_cid=gsapi,https://www.greatschools.org/modperl/achievement/CA/13780,CA,public,www.smusd.org
"1 Tiger Way, 
San Marcos, CA  92069",San Marcos,San Marcos Unified School District,706,0634880,930,(760) 736-2213,K-5,6265,4,33.139797,-117.16962,San Marcos Elementary School,063488005892,https://www.greatschools.org/california/san-marcos/6265-San-Marcos-Elementary-School/?s_cid=gsapi,(760) 290-2430,https://www.greatschools.org/school/rating.page?state=CA&id=6265&s_cid=gsapi,https://www.greatschools.org/school/parentReviews.page?state=CA&id=6265&s_cid=gsapi,https://www.greatschools.org/modperl/achievement/CA/6265,CA,public,http://www.smusd.org
"1615 San Marcos Boulevard, 
San Marcos, CA  92078",San Marcos,San Marcos Unified School District,706,0634880,2776,(760) 736-8275,9-12,6266,8,33.13124,-117.20544,San Marcos High School,063488005893,https://www.greatschools.org/california/san-marcos/6266-San-Marcos-High-School/?s_cid=gsapi,(760) 290-2200,https://www.greatschools.org/school/rating.page?state=CA&id=6266&s_cid=gsapi,https://www.greatschools.org/school/parentReviews.page?state=CA&id=6266&s_cid=gsapi,https://www.greatschools.org/modperl/achievement/CA/6266,CA,public,www.smusd.org
"650 West Mission Road, 
San Marcos, CA  92069",San Marcos,San Marcos Unified School District,706,0634880,1331,(760) 744-0893,6-8,6267,4,33.145645,-117.17491,San Marcos Middle School,063488005894,https://www.greatschools.org/california/san-marcos/6267-San-Marcos-Middle-School/?s_cid=gsapi,(760) 290-2500,https://www.greatschools.org/school/rating.page?state=CA&id=6267&s_cid=gsapi,https://www.greatschools.org/school/parentReviews.page?state=CA&id=6267&s_cid=gsapi,https://www.greatschools.org/modperl/achievement/CA/6267,CA,public,www.smusd.org
"3710 Del Mar Heights Road, 
San Diego, CA  92130",San Diego,San Dieguito Union High,704,0634380,2752,(760) 481-0098,9-12,6091,9,32.958443,-117.2249,Torrey Pines High School,063438005579,https://www.greatschools.org/california/san-diego/6091-Torrey-Pines-High-School/?s_cid=gsapi,(858) 755-0125,https://www.greatschools.org/school/rating.page?state=CA&id=6091&s_cid=gsapi,https://www.greatschools.org/school/parentReviews.page?state=CA&id=6091&s_cid=gsapi,https://www.greatschools.org/modperl/achievement/CA/6091,CA,public,http://tp.sduhsd.net/
"8501 Pueblo Road, 
Lakeside, CA  92040",Lakeside,Lakeside Union Elementary School District,692,0620790,368,(619) 390-2695,K-1,5948,,32.83146,-116.93047,Winter Gardens Elementary School,062079002499,https://www.greatschools.org/california/lakeside/5948-Winter-Gardens-Elementary-School/?s_cid=gsapi,(619) 390-2687,https://www.greatschools.org/school/rating.page?state=CA&id=5948&s_cid=gsapi,https://www.greatschools.org/school/parentReviews.page?state=CA&id=5948&s_cid=gsapi,https://www.greatschools.org/modperl/achievement/CA/5948,CA,public,www.lsusd.net
"15305 Rockwood Road, 
Escondido, CA  92027",Escondido,San Pasqual Union Elementary,708,0635040,553,(760) 745-2473,K-8,6276,7,33.11144,-117.01126,San Pasqual Union Elementary School,063504005928,https://www.greatschools.org/california/escondido/6276-San-Pasqual-Union-Elementary-School/?s_cid=gsapi,(760) 745-4931,https://www.greatschools.org/school/rating.page?state=CA&id=6276&s_cid=gsapi,https://www.greatschools.org/school/parentReviews.page?state=CA&id=6276&s_cid=gsapi,https://www.greatschools.org/modperl/achievement/CA/6276,CA,public,www.sanpasqualunion.net
"4200 Parks Avenue, 
La Mesa, CA  91941",La Mesa,La Mesa-Spring Valley School District,694,0620250,,,4-8,32166,,32.75519,-117.03026,La Mesa Arts Academy,,https://www.greatschools.org/california/la-mesa/32166-La-Mesa-Arts-Academy/?s_cid=gsapi,(619) 668-5730,https://www.greatschools.org/school/rating.page?state=CA&id=32166&s_cid=gsapi,https://www.greatschools.org/school/parentReviews.page?state=CA&id=32166&s_cid=gsapi,https://www.greatschools.org/modperl/achievement/CA/32166,CA,public,http://www.lmsvschools.org/domain/25
"4741 Santa Monica Avenue, 
San Diego, CA  92107",San Diego,San Diego Unified School District,705,0634320,487,(619) 224-0141,K-4,6214,8,32.74471,-117.24652,Ocean Beach Elementary School,063432005530,https://www.greatschools.org/california/san-diego/6214-Ocean-Beach-Elementary-School/?s_cid=gsapi,(619) 223-1631,https://www.greatschools.org/school/rating.page?state=CA&id=6214&s_cid=gsapi,https://www.greatschools.org/school/parentReviews.page?state=CA&id=6214&s_cid=gsapi,https://www.greatschools.org/modperl/achievement/CA/6214,CA,public,http://www.obelementary.com/
"4345 Otay Mesa Road, 
San Ysidro, CA  92173",San Ysidro,San Ysidro Elementary School District,711,0635220,573,(619) 690-2837,7-8,6300,3,32.562977,-117.03834,San Ysidro Middle School,063522005964,https://www.greatschools.org/california/san-ysidro/6300-San-Ysidro-Middle-School/?s_cid=gsapi,(619) 428-5551,https://www.greatschools.org/school/rating.page?state=CA&id=6300&s_cid=gsapi,https://www.greatschools.org/school/parentReviews.page?state=CA&id=6300&s_cid=gsapi,https://www.greatschools.org/modperl/achievement/CA/6300,CA,public,www.sysd.k12.ca.us
"3730 Arey Drive, 
San Diego, CA  92154",San Diego,Chula Vista Elementary School District,677,0608610,408,(619) 423-7438,K-6,5853,7,32.579792,-117.05258,Silver Wing Elementary School,060861000877,https://www.greatschools.org/california/san-diego/5853-Silver-Wing-Elementary-School/?s_cid=gsapi,(619) 423-3950,https://www.greatschools.org/school/rating.page?state=CA&id=5853&s_cid=gsapi,https://www.greatschools.org/school/parentReviews.page?state=CA&id=5853&s_cid=gsapi,https://www.greatschools.org/modperl/achievement/CA/5853,CA,public,http://schools.cvesd.org/schools/silverwing/
"21644 Avenue 196, 
Strathmore, CA  93267",Strathmore,Sunnyside Union Elementary,983,0638430,352,(559) 568-1432,K-8,7498,2,36.146458,-119.08845,Sunnyside Elementary School,063843006455,https://www.greatschools.org/california/strathmore/7498-Sunnyside-Elementary-School/?s_cid=gsapi,(559) 568-1741,https://www.greatschools.org/school/rating.page?state=CA&id=7498&s_cid=gsapi,https://www.greatschools.org/school/parentReviews.page?state=CA&id=7498&s_cid=gsapi,https://www.greatschools.org/modperl/achievement/CA/7498,CA,public,http://www.sunnysideunion.com/
"6301 Old Farm Road, 
Bakersfield, CA  93312",Bakersfield,Norris Elementary,229,0627450,1005,(661) 387-7056,K-6,17657,7,35.416065,-119.1366,Veterans Elementary School,062745011866,https://www.greatschools.org/california/bakersfield/17657-Veterans-Elementary-School/?s_cid=gsapi,(661) 387-7050,https://www.greatschools.org/school/rating.page?state=CA&id=17657&s_cid=gsapi,https://www.greatschools.org/school/parentReviews.page?state=CA&id=17657&s_cid=gsapi,https://www.greatschools.org/modperl/achievement/CA/17657,CA,public,www.norris.k12.ca.us
"4050 Appleton Street, 
San Diego, CA  92117",San Diego,San Diego Unified School District,705,0634320,265,(858) 483-8946,K-6,6256,5,32.83654,-117.2032,Whitman Elementary School,063432005571,https://www.greatschools.org/california/san-diego/6256-Whitman-Elementary-School/?s_cid=gsapi,(858) 273-2700,https://www.greatschools.org/school/rating.page?state=CA&id=6256&s_cid=gsapi,https://www.greatschools.org/school/parentReviews.page?state=CA&id=6256&s_cid=gsapi,https://www.greatschools.org/modperl/achievement/CA/6256,CA,public,http://new.sandi.net/schools/whitman
"10300 Magnolia Avenue, 
Santee, CA  92071",Santee,Santee Elementary,702,0635880,1026,(619) 956-2408,K-8,6064,6,32.86596,-116.97108,Cajon Park Elementary School,063588006137,https://www.greatschools.org/california/santee/6064-Cajon-Park-Elementary-School/?s_cid=gsapi,(619) 956-2400,https://www.greatschools.org/school/rating.page?state=CA&id=6064&s_cid=gsapi,https://www.greatschools.org/school/parentReviews.page?state=CA&id=6064&s_cid=gsapi,https://www.greatschools.org/modperl/achievement/CA/6064,CA,public,www.santeesd.net
"9353 Pike Road, 
Santee, CA  92071",Santee,Santee Elementary,702,0635880,566,(619) 258-3414,K-8,6065,8,32.847782,-116.99694,Carlton Hills Elementary School,063588006138,https://www.greatschools.org/california/santee/6065-Carlton-Hills-Elementary-School/?s_cid=gsapi,(619) 258-3400,https://www.greatschools.org/school/rating.page?state=CA&id=6065&s_cid=gsapi,https://www.greatschools.org/school/parentReviews.page?state=CA&id=6065&s_cid=gsapi,https://www.greatschools.org/modperl/achievement/CA/6065,CA,public,www.santeesd.net
"9353 Wethersfield Road, 
Santee, CA  92071",Santee,Santee Elementary,702,0635880,815,(619) 956-4509,K-8,6066,8,32.844597,-117.01492,Carlton Oaks Elementary School,063588006139,https://www.greatschools.org/california/santee/6066-Carlton-Oaks-Elementary-School/?s_cid=gsapi,(619) 956-4500,https://www.greatschools.org/school/rating.page?state=CA&id=6066&s_cid=gsapi,https://www.greatschools.org/school/parentReviews.page?state=CA&id=6066&s_cid=gsapi,https://www.greatschools.org/modperl/achievement/CA/6066,CA,public,www.santeesd.net
"8120 Arlette Street, 
Santee, CA  92071",Santee,Santee Elementary,702,0635880,558,(619) 258-4816,K-8,6067,6,32.83141,-117.01938,Chet F. Harritt Elementary School,063588006140,https://www.greatschools.org/california/santee/6067-Chet-F.-Harritt-Elementary-School/?s_cid=gsapi,(619) 258-4800,https://www.greatschools.org/school/rating.page?state=CA&id=6067&s_cid=gsapi,https://www.greatschools.org/school/parentReviews.page?state=CA&id=6067&s_cid=gsapi,https://www.greatschools.org/modperl/achievement/CA/6067,CA,public,www.santeesd.net
"3131 South Barcelona Street, 
Spring Valley, CA  91977",Spring Valley,La Mesa-Spring Valley School District,694,0620250,512,(619) 668-8320,K-6,5961,5,32.73732,-116.98157,Highlands Elementary School,062025002429,https://www.greatschools.org/california/spring-valley/5961-Highlands-Elementary-School/?s_cid=gsapi,(619) 668-5780,https://www.greatschools.org/school/rating.page?state=CA&id=5961&s_cid=gsapi,https://www.greatschools.org/school/parentReviews.page?state=CA&id=5961&s_cid=gsapi,https://www.greatschools.org/modperl/achievement/CA/5961,CA,public,
"2797 Utica Drive, 
San Diego, CA  92139",San Diego,San Diego Unified School District,705,0634320,383,(619) 479-2225,K-5,6220,6,32.673058,-117.04714,Penn Elementary School,063432005534,https://www.greatschools.org/california/san-diego/6220-Penn-Elementary-School/?s_cid=gsapi,(619) 479-5638,https://www.greatschools.org/school/rating.page?state=CA&id=6220&s_cid=gsapi,https://www.greatschools.org/school/parentReviews.page?state=CA&id=6220&s_cid=gsapi,https://www.greatschools.org/modperl/achievement/CA/6220,CA,public,
"1651 Albany Avenue, 
Chula Vista, CA  91911",Chula Vista,Chula Vista Elementary School District,677,0608610,582,(619) 425-2018,K-6,5846,6,32.595802,-117.05807,Otay Elementary School,060861007680,https://www.greatschools.org/california/chula-vista/5846-Otay-Elementary-School/?s_cid=gsapi,(619) 425-4311,https://www.greatschools.org/school/rating.page?state=CA&id=5846&s_cid=gsapi,https://www.greatschools.org/school/parentReviews.page?state=CA&id=5846&s_cid=gsapi,https://www.greatschools.org/modperl/achievement/CA/5846,CA,public,http://schools.cvesd.org/schools/otay/
"910 Borden Road, 
San Marcos, CA  92069",San Marcos,San Marcos Unified School District,706,0634880,850,(760) 290-2412,K-5,6264,7,33.15473,-117.14013,Richland Elementary,063488005890,https://www.greatschools.org/california/san-marcos/6264-Richland-Elementary/?s_cid=gsapi,(760) 290-2400,https://www.greatschools.org/school/rating.page?state=CA&id=6264&s_cid=gsapi,https://www.greatschools.org/school/parentReviews.page?state=CA&id=6264&s_cid=gsapi,https://www.greatschools.org/modperl/achievement/CA/6264,CA,public,www.smusd.org
"10250 El Nopal, 
Santee, CA  92071",Santee,Santee Elementary,702,0635880,34,(619) 956-2494,K-8,11119,,32.86247,-116.97421,Santee Alternative School,063588001222,https://www.greatschools.org/california/santee/11119-Santee-Alternative-School/?s_cid=gsapi,(619) 956-2490,https://www.greatschools.org/school/rating.page?state=CA&id=11119&s_cid=gsapi,https://www.greatschools.org/school/parentReviews.page?state=CA&id=11119&s_cid=gsapi,https://www.greatschools.org/modperl/achievement/CA/11119,CA,public,http://www.santeesd.net/domain/42
"2900 Highland Avenue, 
National City, CA  91950",National City,Sweetwater Union High School District,710,0638640,2761,(619) 474-7635,9-12,6297,6,32.65995,-117.09169,Sweetwater High School,063864006495,https://www.greatschools.org/california/national-city/6297-Sweetwater-High-School/?s_cid=gsapi,(619) 474-9700,https://www.greatschools.org/school/rating.page?state=CA&id=6297&s_cid=gsapi,https://www.greatschools.org/school/parentReviews.page?state=CA&id=6297&s_cid=gsapi,https://www.greatschools.org/modperl/achievement/CA/6297,CA,public,www.sweetwaterschools.org
"2150 Cushing Road, 
San Diego, CA  92106",San Diego,San Diego Unified School District,705,0634320,,,K-5,32175,,32.731968,-117.21769,High Tech Elementary,,https://www.greatschools.org/california/san-diego/32175-High-Tech-Elementary/?s_cid=gsapi,(619) 564-6700,https://www.greatschools.org/school/rating.page?state=CA&id=32175&s_cid=gsapi,https://www.greatschools.org/school/parentReviews.page?state=CA&id=32175&s_cid=gsapi,https://www.greatschools.org/modperl/achievement/CA/32175,CA,charter,www.hightechhigh.org
"2150 Cushing Road, 
San Diego, CA  92106",San Diego,San Diego Unified School District,705,0634320,,,K-5,32175,,32.731968,-117.21769,High Tech Elementary,,https://www.greatschools.org/california/san-diego/32175-High-Tech-Elementary/?s_cid=gsapi,(619) 564-6700,https://www.greatschools.org/school/rating.page?state=CA&id=32175&s_cid=gsapi,https://www.greatschools.org/school/parentReviews.page?state=CA&id=32175&s_cid=gsapi,https://www.greatschools.org/modperl/achievement/CA/32175,CA,charter,www.hightechhigh.org
"2861 Womble Road, 
San Diego, CA  92106",San Diego,San Diego Unified School District,705,0634320,589,(619) 243-5050,9-12,11837,7,32.72875,-117.22068,High Tech High,063432008599,https://www.greatschools.org/california/san-diego/11837-High-Tech-High/?s_cid=gsapi,(619) 243-5000,https://www.greatschools.org/school/rating.page?state=CA&id=11837&s_cid=gsapi,https://www.greatschools.org/school/parentReviews.page?state=CA&id=11837&s_cid=gsapi,https://www.greatschools.org/modperl/achievement/CA/11837,CA,charter,www.hightechhigh.org/schools/hth
"2230 Truxtun Road, Third Floor, 
Third Floor
San Diego, CA  92106",San Diego,San Diego Unified School District,705,0634320,400,(619) 224-1198,9-12,13754,6,32.734753,-117.21973,High Tech High Media Arts School,063432011386,https://www.greatschools.org/california/san-diego/13754-High-Tech-High-Media-Arts-School/?s_cid=gsapi,(619) 398-8620,https://www.greatschools.org/school/rating.page?state=CA&id=13754&s_cid=gsapi,https://www.greatschools.org/school/parentReviews.page?state=CA&id=13754&s_cid=gsapi,https://www.greatschools.org/modperl/achievement/CA/13754,CA,charter,www.hightechhigh.org
"2359 Truxtun Road, 
San Diego, CA  92106",San Diego,San Diego Unified School District,705,0634320,322,(619) 814-5088,6-8,12442,5,32.735386,-117.21782,High Tech Middle School,063432011262,https://www.greatschools.org/california/san-diego/12442-High-Tech-Middle-School/?s_cid=gsapi,(619) 814-5060,https://www.greatschools.org/school/rating.page?state=CA&id=12442&s_cid=gsapi,https://www.greatschools.org/school/parentReviews.page?state=CA&id=12442&s_cid=gsapi,https://www.greatschools.org/modperl/achievement/CA/12442,CA,charter,www.hightechhigh.org/schools/htm
"2359 Truxtun Road, 
San Diego, CA  92106",San Diego,San Diego Unified School District,705,0634320,322,(619) 814-5088,6-8,12442,5,32.735386,-117.21782,High Tech Middle School,063432011262,https://www.greatschools.org/california/san-diego/12442-High-Tech-Middle-School/?s_cid=gsapi,(619) 814-5060,https://www.greatschools.org/school/rating.page?state=CA&id=12442&s_cid=gsapi,https://www.greatschools.org/school/parentReviews.page?state=CA&id=12442&s_cid=gsapi,https://www.greatschools.org/modperl/achievement/CA/12442,CA,charter,www.hightechhigh.org/schools/htm
"10170 Huennekens Street, 
San Diego, CA  92121",San Diego,San Diego Unified School District,705,0634320,759,(858) 552-9394,6-12,12040,,32.902767,-117.18408,Audeo Charter School,063432010634,https://www.greatschools.org/california/san-diego/12040-Audeo-Charter-School/?s_cid=gsapi,(858) 678-2050,https://www.greatschools.org/school/rating.page?state=CA&id=12040&s_cid=gsapi,https://www.greatschools.org/school/parentReviews.page?state=CA&id=12040&s_cid=gsapi,https://www.greatschools.org/modperl/achievement/CA/12040,CA,charter,http://www.audeocharterschool.net/
"4210 Carmel Center Road, 
San Diego, CA  92130",San Diego,Solana Beach Elementary School District,707,0636990,356,(858) 794-4450,K-3,6271,,32.951366,-117.22572,Carmel Creek Elementary School,063699003955,https://www.greatschools.org/california/san-diego/6271-Carmel-Creek-Elementary-School/?s_cid=gsapi,(858) 794-4400,https://www.greatschools.org/school/rating.page?state=CA&id=6271&s_cid=gsapi,https://www.greatschools.org/school/parentReviews.page?state=CA&id=6271&s_cid=gsapi,https://www.greatschools.org/modperl/achievement/CA/6271,CA,public,http://sbsd.k12.ca.us/cc
"1350 Leyte Road, 
Coronado, CA  92118",Coronado,Coronado Unified School District,679,0609870,321,(619) 437-8041,K-5,5863,9,32.643974,-117.14546,Silver Strand Elementary School,060987001074,https://www.greatschools.org/california/coronado/5863-Silver-Strand-Elementary-School/?s_cid=gsapi,(619) 522-8934,https://www.greatschools.org/school/rating.page?state=CA&id=5863&s_cid=gsapi,https://www.greatschools.org/school/parentReviews.page?state=CA&id=5863&s_cid=gsapi,https://www.greatschools.org/modperl/achievement/CA/5863,CA,public,http://coronadousd.net (follow links)
"606 Lomas Santa Fe Drive, 
Solana Beach, CA  92075",Solana Beach,Solana Beach Elementary School District,707,0636990,554,(858) 794-3650,K-6,6272,8,32.99612,-117.26297,Skyline Elementary School,063699006283,https://www.greatschools.org/california/solana-beach/6272-Skyline-Elementary-School/?s_cid=gsapi,(858) 794-3600,https://www.greatschools.org/school/rating.page?state=CA&id=6272&s_cid=gsapi,https://www.greatschools.org/school/parentReviews.page?state=CA&id=6272&s_cid=gsapi,https://www.greatschools.org/modperl/achievement/CA/6272,CA,public,http://www.sbsd.k12.ca.us/sky/
"1880 Smythe Avenue, 
San Ysidro, CA  92173",San Ysidro,San Ysidro Elementary School District,711,0635220,693,(619) 428-0041,K-3,6301,4,32.562084,-117.04934,Smythe Elementary School,063522005965,https://www.greatschools.org/california/san-ysidro/6301-Smythe-Elementary-School/?s_cid=gsapi,(619) 428-4447,https://www.greatschools.org/school/rating.page?state=CA&id=6301&s_cid=gsapi,https://www.greatschools.org/school/parentReviews.page?state=CA&id=6301&s_cid=gsapi,https://www.greatschools.org/modperl/achievement/CA/6301,CA,public,www.sysd.k12.ca.us
"3520 Long Run Drive, 
San Diego, CA  92130",San Diego,Solana Beach Elementary School District,707,0636990,341,(858) 794-4350,K-3,6273,,32.95429,-117.24018,Solana Highlands Elementary School,063699009196,https://www.greatschools.org/california/san-diego/6273-Solana-Highlands-Elementary-School/?s_cid=gsapi,(858) 794-4300,https://www.greatschools.org/school/rating.page?state=CA&id=6273&s_cid=gsapi,https://www.greatschools.org/school/parentReviews.page?state=CA&id=6273&s_cid=gsapi,https://www.greatschools.org/modperl/achievement/CA/6273,CA,public,http://www.sbsd.k12.ca.us/Domain/10
"3901 Townsgate Drive, 
San Diego, CA  92130",San Diego,Solana Beach Elementary School District,707,0636990,577,(858) 794-4550,4-6,13714,10,32.95209,-117.23135,Solana Pacific Elementary School,063699011397,https://www.greatschools.org/california/san-diego/13714-Solana-Pacific-Elementary-School/?s_cid=gsapi,(858) 794-4500,https://www.greatschools.org/school/rating.page?state=CA&id=13714&s_cid=gsapi,https://www.greatschools.org/school/parentReviews.page?state=CA&id=13714&s_cid=gsapi,https://www.greatschools.org/modperl/achievement/CA/13714,CA,public,http://www.sbsd.k12.ca.us
"13605 Pacific Highlands Ranch Parkway, 
San Diego, CA  92130",San Diego,Solana Beach Elementary School District,707,0636990,470,,K-6,31814,9,32.965946,-117.19223,Solana Ranch Elementary,063699013801,https://www.greatschools.org/california/san-diego/31814-Solana-Ranch-Elementary/?s_cid=gsapi,(858) 350-6600,https://www.greatschools.org/school/rating.page?state=CA&id=31814&s_cid=gsapi,https://www.greatschools.org/school/parentReviews.page?state=CA&id=31814&s_cid=gsapi,https://www.greatschools.org/modperl/achievement/CA/31814,CA,public,www.sbsd.k12.ca.us
"490 Emory Street, 
Imperial Beach, CA  91932",Imperial Beach,South Bay Union Elementary,703,0637380,503,(619) 628-2580,K-6,6074,3,32.587563,-117.11308,Bayside Elementary School,063738006315,https://www.greatschools.org/california/imperial-beach/6074-Bayside-Elementary-School/?s_cid=gsapi,(619) 628-2500,https://www.greatschools.org/school/rating.page?state=CA&id=6074&s_cid=gsapi,https://www.greatschools.org/school/parentReviews.page?state=CA&id=6074&s_cid=gsapi,https://www.greatschools.org/modperl/achievement/CA/6074,CA,public,
"122 West Fourth Avenue, 
Escondido, CA  92025",Escondido,Escondido Union School District,684,0612880,732,(760) 735-2862,K-5,5888,2,33.118813,-117.07989,Central Elementary School,061288001451,https://www.greatschools.org/california/escondido/5888-Central-Elementary-School/?s_cid=gsapi,(760) 432-2431,https://www.greatschools.org/school/rating.page?state=CA&id=5888&s_cid=gsapi,https://www.greatschools.org/school/parentReviews.page?state=CA&id=5888&s_cid=gsapi,https://www.greatschools.org/modperl/achievement/CA/5888,CA,public,
"3510 Newton Avenue, 
San Diego, CA  92113",San Diego,San Diego Unified School District,705,0634320,586,(619) 525-7352,K-6,6135,4,32.69498,-117.11874,Emerson/Bandini Elementary School,063432005451,https://www.greatschools.org/california/san-diego/6135-Emerson-Bandini-Elementary-School/?s_cid=gsapi,(619) 344-6200,https://www.greatschools.org/school/rating.page?state=CA&id=6135&s_cid=gsapi,https://www.greatschools.org/school/parentReviews.page?state=CA&id=6135&s_cid=gsapi,https://www.greatschools.org/modperl/achievement/CA/6135,CA,public,https://www.sandiegounified.org/schools/emersonbandini
"2200 Freshwater Road, 
Eureka, CA  95503",Eureka,Garfield Elementary,145,0614910,58,(707) 442-1932,K-6,1026,,40.756454,-124.03514,Garfield Elementary School,061491001890,https://www.greatschools.org/california/eureka/1026-Garfield-Elementary-School/?s_cid=gsapi,(707) 442-5471,https://www.greatschools.org/school/rating.page?state=CA&id=1026&s_cid=gsapi,https://www.greatschools.org/school/parentReviews.page?state=CA&id=1026&s_cid=gsapi,https://www.greatschools.org/modperl/achievement/CA/1026,CA,public,www.humboldt.k12.ca.us/garfield_sd/
"600 Eighth Street, 
Gilroy, CA  95020",Gilroy,Gilroy Unified,636,0615180,586,(408) 842-1237,K-5,5506,4,37.00549,-121.55947,Glen View Elementary School,061518001912,https://www.greatschools.org/california/gilroy/5506-Glen-View-Elementary-School/?s_cid=gsapi,(408) 842-8292,https://www.greatschools.org/school/rating.page?state=CA&id=5506&s_cid=gsapi,https://www.greatschools.org/school/parentReviews.page?state=CA&id=5506&s_cid=gsapi,https://www.greatschools.org/modperl/achievement/CA/5506,CA,public,http://glenview.schoolloop.com/
"647 E Street, 
Chula Vista, CA  91910",Chula Vista,,0,,225,(619) 207-0300,PK-8,25541,,32.641174,-117.09523,Howard Gardner Community School,,https://www.greatschools.org/california/chula-vista/25541-Howard-Gardner-Community-School/?s_cid=gsapi,(619) 934-0300,https://www.greatschools.org/school/rating.page?state=CA&id=25541&s_cid=gsapi,https://www.greatschools.org/school/parentReviews.page?state=CA&id=25541&s_cid=gsapi,https://www.greatschools.org/modperl/achievement/CA/25541,CA,charter,http://www.hgcschool.org/
"5465 El Cajon Boulevard, 
San Diego, CA  92115",San Diego,San Diego Unified School District,705,0634320,476,(619) 265-2484,K-8,14872,5,32.75796,-117.07814,Iftin Charter School,063432011385,https://www.greatschools.org/california/san-diego/14872-Iftin-Charter-School/?s_cid=gsapi,(619) 265-2411,https://www.greatschools.org/school/rating.page?state=CA&id=14872&s_cid=gsapi,https://www.greatschools.org/school/parentReviews.page?state=CA&id=14872&s_cid=gsapi,https://www.greatschools.org/modperl/achievement/CA/14872,CA,charter,www.iftincharter.org
"1701 D Avenue, 
National City, CA  91950",National City,Sweetwater Union High School District,710,0638640,768,(619) 474-1756,7-8,6292,4,32.669228,-117.0998,National City Middle School,063864006489,https://www.greatschools.org/california/national-city/6292-National-City-Middle-School/?s_cid=gsapi,(619) 336-2600,https://www.greatschools.org/school/rating.page?state=CA&id=6292&s_cid=gsapi,https://www.greatschools.org/school/parentReviews.page?state=CA&id=6292&s_cid=gsapi,https://www.greatschools.org/modperl/achievement/CA/6292,CA,public,www.sweetwaterschools.org/
"1925 Magdalena Avenue, 
Chula Vista, CA  91913",Chula Vista,Sweetwater Union High School District,710,0638640,2367,(619) 216-0650,9-12,17054,9,32.60215,-116.96889,Olympian High School,063864011768,https://www.greatschools.org/california/chula-vista/17054-Olympian-High-School/?s_cid=gsapi,(619) 656-2400,https://www.greatschools.org/school/rating.page?state=CA&id=17054&s_cid=gsapi,https://www.greatschools.org/school/parentReviews.page?state=CA&id=17054&s_cid=gsapi,https://www.greatschools.org/modperl/achievement/CA/17054,CA,public,www.sweetwaterschools.org
"1520 East Eighth Street, 
Beaumont, CA  92223",Beaumont,Beaumont Unified School District,515,0604290,832,(951) 769-8752,K-5,12510,6,33.932564,-116.95367,Sundance Elementary School,060429011219,https://www.greatschools.org/california/beaumont/12510-Sundance-Elementary-School/?s_cid=gsapi,(951) 845-2621,https://www.greatschools.org/school/rating.page?state=CA&id=12510&s_cid=gsapi,https://www.greatschools.org/school/parentReviews.page?state=CA&id=12510&s_cid=gsapi,https://www.greatschools.org/modperl/achievement/CA/12510,CA,public,www.beaumontusd.k12.ca.us/sundance
"100 South Rancho Santa Fe Road, 
San Marcos, CA  92078",San Marcos,Vallecitos Elementary,712,0640710,51,(760) 295-5614,K-12,27139,2,33.14891,-117.19908,Taylion San Diego Academy,064071013696,https://www.greatschools.org/california/san-marcos/27139-Taylion-San-Diego-Academy/?s_cid=gsapi,(760) 295-5564,https://www.greatschools.org/school/rating.page?state=CA&id=27139&s_cid=gsapi,https://www.greatschools.org/school/parentReviews.page?state=CA&id=27139&s_cid=gsapi,https://www.greatschools.org/modperl/achievement/CA/27139,CA,charter,www.taylionsandiego.com
"2360 Shasta Way, Unit A, 
Unit A
Simi Valley, CA  93065",Simi Valley,Spencer Valley Elementary,709,0637680,3121,(805) 581-0330,K-12,12222,3,34.27646,-118.78865,California Virtual Academy @ San Diego School,063768010641,https://www.greatschools.org/california/simi-valley/12222-California-Virtual-Academy-@-San-Diego-School/?s_cid=gsapi,(866) 339-6787,https://www.greatschools.org/school/rating.page?state=CA&id=12222&s_cid=gsapi,https://www.greatschools.org/school/parentReviews.page?state=CA&id=12222&s_cid=gsapi,https://www.greatschools.org/modperl/achievement/CA/12222,CA,charter,www.caliva.org
"5095 Arvinels Avenue, 
San Diego, CA  92117",San Diego,San Diego Unified School District,705,0634320,434,,7-8,24692,6,32.83805,-117.17406,Innovation Middle School,063432012352,https://www.greatschools.org/california/san-diego/24692-Innovation-Middle-School/?s_cid=gsapi,(858) 278-5948,https://www.greatschools.org/school/rating.page?state=CA&id=24692&s_cid=gsapi,https://www.greatschools.org/school/parentReviews.page?state=CA&id=24692&s_cid=gsapi,https://www.greatschools.org/modperl/achievement/CA/24692,CA,public,http://imiddle.org/
"650 Otay Lakes Road, 
Chula Vista, CA  91910",Chula Vista,Sweetwater Union High School District,710,0638640,1209,(619) 482-9356,7-8,6278,7,32.648605,-117.00526,Bonita Vista Middle School,063864006474,https://www.greatschools.org/california/chula-vista/6278-Bonita-Vista-Middle-School/?s_cid=gsapi,(619) 397-2200,https://www.greatschools.org/school/rating.page?state=CA&id=6278&s_cid=gsapi,https://www.greatschools.org/school/parentReviews.page?state=CA&id=6278&s_cid=gsapi,https://www.greatschools.org/modperl/achievement/CA/6278,CA,public,www.sweetwaterschools.org/
"751 Otay Lakes Road, 
Chula Vista, CA  91913",Chula Vista,Sweetwater Union High School District,710,0638640,2487,(619) 656-1203,9-12,6279,8,32.64605,-117.0011,Bonita Vista Senior High School,063864006475,https://www.greatschools.org/california/chula-vista/6279-Bonita-Vista-Senior-High-School/?s_cid=gsapi,(619) 397-2000,https://www.greatschools.org/school/rating.page?state=CA&id=6279&s_cid=gsapi,https://www.greatschools.org/school/parentReviews.page?state=CA&id=6279&s_cid=gsapi,https://www.greatschools.org/modperl/achievement/CA/6279,CA,public,www.sweetwaterschools.org/
"160 Quintard Street, 
Chula Vista, CA  91911",Chula Vista,Sweetwater Union High School District,710,0638640,879,(619) 427-8045,7-8,6280,3,32.604954,-117.05938,Castle Park Middle School,063864006476,https://www.greatschools.org/california/chula-vista/6280-Castle-Park-Middle-School/?s_cid=gsapi,(619) 691-5490,https://www.greatschools.org/school/rating.page?state=CA&id=6280&s_cid=gsapi,https://www.greatschools.org/school/parentReviews.page?state=CA&id=6280&s_cid=gsapi,https://www.greatschools.org/modperl/achievement/CA/6280,CA,public,http://www.shusd.k12.ca.us/cpm//
"1395 Hilltop Drive, 
Chula Vista, CA  91911",Chula Vista,Sweetwater Union High School District,710,0638640,1474,(619) 427-5967,9-12,6281,5,32.60698,-117.05288,Castle Park Senior High School,063864006477,https://www.greatschools.org/california/chula-vista/6281-Castle-Park-Senior-High-School/?s_cid=gsapi,(619) 585-2000,https://www.greatschools.org/school/rating.page?state=CA&id=6281&s_cid=gsapi,https://www.greatschools.org/school/parentReviews.page?state=CA&id=6281&s_cid=gsapi,https://www.greatschools.org/modperl/achievement/CA/6281,CA,public,http://www.suhsd.k12.ca.us/cph/
"415 Fifth Avenue, 
Chula Vista, CA  91910",Chula Vista,Sweetwater Union High School District,710,0638640,1051,(619) 498-6836,7-8,6282,4,32.634666,-117.08556,Chula Vista Middle School,063864006478,https://www.greatschools.org/california/chula-vista/6282-Chula-Vista-Middle-School/?s_cid=gsapi,(619) 498-6800,https://www.greatschools.org/school/rating.page?state=CA&id=6282&s_cid=gsapi,https://www.greatschools.org/school/parentReviews.page?state=CA&id=6282&s_cid=gsapi,https://www.greatschools.org/modperl/achievement/CA/6282,CA,public,
"820 Fourth Avenue, 
Chula Vista, CA  91911",Chula Vista,Sweetwater Union High School District,710,0638640,2679,(619) 427-5824,9-12,6283,5,32.622032,-117.07693,Chula Vista Senior High School,063864006479,https://www.greatschools.org/california/chula-vista/6283-Chula-Vista-Senior-High-School/?s_cid=gsapi,(619) 476-5824,https://www.greatschools.org/school/rating.page?state=CA&id=6283&s_cid=gsapi,https://www.greatschools.org/school/parentReviews.page?state=CA&id=6283&s_cid=gsapi,https://www.greatschools.org/modperl/achievement/CA/6283,CA,public,http://www.suhsd.k12.ca.us/cvh/
"900 Duncan Ranch Road, 
Chula Vista, CA  91914",Chula Vista,Sweetwater Union High School District,710,0638640,1711,(619) 482-0553,7-8,12517,8,32.655613,-116.94817,Eastlake Middle School,063864011269,https://www.greatschools.org/california/chula-vista/12517-Eastlake-Middle-School/?s_cid=gsapi,(619) 591-4000,https://www.greatschools.org/school/rating.page?state=CA&id=12517&s_cid=gsapi,https://www.greatschools.org/school/parentReviews.page?state=CA&id=12517&s_cid=gsapi,https://www.greatschools.org/modperl/achievement/CA/12517,CA,public,www.sweetwaterschools.org
"4077 35th Street, 
San Diego, CA  92104",San Diego,San Diego Unified School District,705,0634320,575,(619) 282-3179,K-5,6134,7,32.75105,-117.11768,Edison Elementary School,063432005449,https://www.greatschools.org/california/san-diego/6134-Edison-Elementary-School/?s_cid=gsapi,(619) 344-5400,https://www.greatschools.org/school/rating.page?state=CA&id=6134&s_cid=gsapi,https://www.greatschools.org/school/parentReviews.page?state=CA&id=6134&s_cid=gsapi,https://www.greatschools.org/modperl/achievement/CA/6134,CA,public,https://www.sandiegounified.org/schools/edison
"1005 47th Street, 
San Diego, CA  92102",San Diego,San Diego Unified School District,705,0634320,1143,(619) 264-4342,6-12,25127,6,32.71609,-117.09136,Gompers Preparatory Academy,063432012386,https://www.greatschools.org/california/san-diego/25127-Gompers-Preparatory-Academy/?s_cid=gsapi,(619) 263-2171,https://www.greatschools.org/school/rating.page?state=CA&id=25127&s_cid=gsapi,https://www.greatschools.org/school/parentReviews.page?state=CA&id=25127&s_cid=gsapi,https://www.greatschools.org/modperl/achievement/CA/25127,CA,charter,www.gomperscharter.org
"6880 Mohawk Street, 
San Diego, CA  92115",San Diego,San Diego Unified School District,705,0634320,363,(619) 668-2480,K-8,6246,4,32.770176,-117.05086,Harriet Tubman Village Charter School,063432003943,https://www.greatschools.org/california/san-diego/6246-Harriet-Tubman-Village-Charter-School/?s_cid=gsapi,(619) 668-8635,https://www.greatschools.org/school/rating.page?state=CA&id=6246&s_cid=gsapi,https://www.greatschools.org/school/parentReviews.page?state=CA&id=6246&s_cid=gsapi,https://www.greatschools.org/modperl/achievement/CA/6246,CA,charter,www.tubmancharter.org
"1355 Second Avenue, 
Chula Vista, CA  91911",Chula Vista,Sweetwater Union High School District,710,0638640,430,(619) 498-8848,K-6,32367,,32.605904,-117.06115,Stephen W. Hawking STEAM Charter School,,https://www.greatschools.org/california/chula-vista/32367-Stephen-W.-Hawking-STEAM-Charter-School/?s_cid=gsapi,(619) 498-8830,https://www.greatschools.org/school/rating.page?state=CA&id=32367&s_cid=gsapi,https://www.greatschools.org/school/parentReviews.page?state=CA&id=32367&s_cid=gsapi,https://www.greatschools.org/modperl/achievement/CA/32367,CA,charter,www.hawkingcharter.org
"30 Murray Street, 
Chula Vista, CA  91910",Chula Vista,Chula Vista Elementary School District,677,0608610,574,(619) 691-1375,K-6,5837,8,32.632233,-117.06416,Hilltop Drive Elementary School,060861000862,https://www.greatschools.org/california/chula-vista/5837-Hilltop-Drive-Elementary-School/?s_cid=gsapi,(619) 422-8323,https://www.greatschools.org/school/rating.page?state=CA&id=5837&s_cid=gsapi,https://www.greatschools.org/school/parentReviews.page?state=CA&id=5837&s_cid=gsapi,https://www.greatschools.org/modperl/achievement/CA/5837,CA,public,http://schools.cvesd.org/schools/hilltop/
"44 East J Street, 
Chula Vista, CA  91910",Chula Vista,Sweetwater Union High School District,710,0638640,1132,(619) 585-3576,7-8,6286,5,32.630207,-117.06401,Hilltop Middle School,063864006483,https://www.greatschools.org/california/chula-vista/6286-Hilltop-Middle-School/?s_cid=gsapi,(619) 498-2700,https://www.greatschools.org/school/rating.page?state=CA&id=6286&s_cid=gsapi,https://www.greatschools.org/school/parentReviews.page?state=CA&id=6286&s_cid=gsapi,https://www.greatschools.org/modperl/achievement/CA/6286,CA,public,www.sweetwaterschools.org/
"14125 Cuca Street, 
San Diego, CA  92129",San Diego,Poway Unified School District,699,0631530,539,(858) 672-4390,K-5,6034,10,32.96979,-117.09715,Los Penasquitos Elementary School,063153004887,https://www.greatschools.org/california/san-diego/6034-Los-Penasquitos-Elementary-School/?s_cid=gsapi,(858) 672-3600,https://www.greatschools.org/school/rating.page?state=CA&id=6034&s_cid=gsapi,https://www.greatschools.org/school/parentReviews.page?state=CA&id=6034&s_cid=gsapi,https://www.greatschools.org/modperl/achievement/CA/6034,CA,public,www.powayusd.com/pusdlpes
"400 West Elder Street, 
Fallbrook, CA  92028",Fallbrook,Fallbrook Union Elementary School District,686,0613500,,,K-6,5916,,33.38028,-117.253975,Maie Ellis Elementary,,https://www.greatschools.org/california/fallbrook/5916-Maie-Ellis-Elementary/?s_cid=gsapi,(760) 731-4132,https://www.greatschools.org/school/rating.page?state=CA&id=5916&s_cid=gsapi,https://www.greatschools.org/school/parentReviews.page?state=CA&id=5916&s_cid=gsapi,https://www.greatschools.org/modperl/achievement/CA/5916,CA,public,
"4345 54th Street, 
San Diego, CA  92115",San Diego,San Diego Unified School District,705,0634320,760,(619) 583-2637,6-8,6193,4,32.75659,-117.07739,Mann Middle School,063432005510,https://www.greatschools.org/california/san-diego/6193-Mann-Middle-School/?s_cid=gsapi,(619) 582-8990,https://www.greatschools.org/school/rating.page?state=CA&id=6193&s_cid=gsapi,https://www.greatschools.org/school/parentReviews.page?state=CA&id=6193&s_cid=gsapi,https://www.greatschools.org/modperl/achievement/CA/6193,CA,public,
"1570 Melody Lane, 
El Cajon, CA  92019",El Cajon,Cajon Valley Union School District,676,0606810,815,(619) 441-6122,6-8,5819,5,32.796505,-116.92542,Montgomery Middle School,060681000622,https://www.greatschools.org/california/el-cajon/5819-Montgomery-Middle-School/?s_cid=gsapi,(619) 588-3107,https://www.greatschools.org/school/rating.page?state=CA&id=5819&s_cid=gsapi,https://www.greatschools.org/school/parentReviews.page?state=CA&id=5819&s_cid=gsapi,https://www.greatschools.org/modperl/achievement/CA/5819,CA,public,http://www.cajonvalley.net/montgomery
"1570 Melody Lane, 
El Cajon, CA  92019",El Cajon,Cajon Valley Union School District,676,0606810,815,(619) 441-6122,6-8,5819,5,32.796505,-116.92542,Montgomery Middle School,060681000622,https://www.greatschools.org/california/el-cajon/5819-Montgomery-Middle-School/?s_cid=gsapi,(619) 588-3107,https://www.greatschools.org/school/rating.page?state=CA&id=5819&s_cid=gsapi,https://www.greatschools.org/school/parentReviews.page?state=CA&id=5819&s_cid=gsapi,https://www.greatschools.org/modperl/achievement/CA/5819,CA,public,http://www.cajonvalley.net/montgomery
"211 Maple Street, 
San Diego, CA  92103",San Diego,San Diego Unified School District,705,0634320,232,(619) 236-8906,K-8,6209,8,32.732246,-117.16514,Museum,063432007689,https://www.greatschools.org/california/san-diego/6209-Museum/?s_cid=gsapi,(619) 236-8712,https://www.greatschools.org/school/rating.page?state=CA&id=6209&s_cid=gsapi,https://www.greatschools.org/school/parentReviews.page?state=CA&id=6209&s_cid=gsapi,https://www.greatschools.org/modperl/achievement/CA/6209,CA,charter,www.museumschool.org
"8000 Calle Acervo, 
Carlsbad, CA  92009",Carlsbad,Encinitas Union Elementary School District,683,0612750,667,(760) 943-2028,K-6,5884,10,33.064888,-117.2323,Olivenhain Pioneer Elementary School,061275003928,https://www.greatschools.org/california/carlsbad/5884-Olivenhain-Pioneer-Elementary-School/?s_cid=gsapi,(760) 943-2000,https://www.greatschools.org/school/rating.page?state=CA&id=5884&s_cid=gsapi,https://www.greatschools.org/school/parentReviews.page?state=CA&id=5884&s_cid=gsapi,https://www.greatschools.org/modperl/achievement/CA/5884,CA,public,www.eusd.k12.ca.us/op
"1220 South Greensview Drive, 
Chula Vista, CA  91915",Chula Vista,Chula Vista Elementary School District,677,0608610,833,(619) 656-8752,K-6,5845,8,32.635735,-116.96339,Olympic View Elementary School,060861005253,https://www.greatschools.org/california/chula-vista/5845-Olympic-View-Elementary-School/?s_cid=gsapi,(619) 656-2030,https://www.greatschools.org/school/rating.page?state=CA&id=5845&s_cid=gsapi,https://www.greatschools.org/school/parentReviews.page?state=CA&id=5845&s_cid=gsapi,https://www.greatschools.org/modperl/achievement/CA/5845,CA,public,http://schools.cvesd.org/schools/olympicview/
"2200 Glen Ridge Road, 
Escondido, CA  92027",Escondido,Escondido Union High,685,0612910,2123,(760) 739-7314,9-12,5908,5,33.129444,-117.03799,Orange Glen High School,061291001466,https://www.greatschools.org/california/escondido/5908-Orange-Glen-High-School/?s_cid=gsapi,(760) 291-5000,https://www.greatschools.org/school/rating.page?state=CA&id=5908&s_cid=gsapi,https://www.greatschools.org/school/parentReviews.page?state=CA&id=5908&s_cid=gsapi,https://www.greatschools.org/modperl/achievement/CA/5908,CA,public,www.orangeglenhigh.org/
"1430 Johnson Street, 
Novato, CA  94947",Novato,Novato Unified School District,434,0627720,485,(415) 897-7492,K-5,3458,8,38.09373,-122.57107,Rancho Elementary School,062772004194,https://www.greatschools.org/california/novato/3458-Rancho-Elementary-School/?s_cid=gsapi,(415) 897-3101,https://www.greatschools.org/school/rating.page?state=CA&id=3458&s_cid=gsapi,https://www.greatschools.org/school/parentReviews.page?state=CA&id=3458&s_cid=gsapi,https://www.greatschools.org/modperl/achievement/CA/3458,CA,public,www.nusd.org
"5353 Airway Road, 
San Diego, CA  92154",San Diego,Sweetwater Union High School District,710,0638640,2460,(619) 710-2318,9-12,12223,5,32.565556,-117.01777,San Ysidro High School,063864010642,https://www.greatschools.org/california/san-diego/12223-San-Ysidro-High-School/?s_cid=gsapi,(619) 710-2300,https://www.greatschools.org/school/rating.page?state=CA&id=12223&s_cid=gsapi,https://www.greatschools.org/school/parentReviews.page?state=CA&id=12223&s_cid=gsapi,https://www.greatschools.org/modperl/achievement/CA/12223,CA,public,www.sweetwaterschools.org
"780 Santa Victoria Avenue, 
Solana Beach, CA  92075",Solana Beach,Solana Beach Elementary School District,707,0636990,458,(858) 794-3750,K-3,6275,9,33.004177,-117.25086,Solana Vista Elementary School,063699006284,https://www.greatschools.org/california/solana-beach/6275-Solana-Vista-Elementary-School/?s_cid=gsapi,(858) 794-3700,https://www.greatschools.org/school/rating.page?state=CA&id=6275&s_cid=gsapi,https://www.greatschools.org/school/parentReviews.page?state=CA&id=6275&s_cid=gsapi,https://www.greatschools.org/modperl/achievement/CA/6275,CA,public,
"1806 South Horne Street, 
Oceanside, CA  92054",Oceanside,Oceanside Unified School District,697,0628250,732,(760) 439-9954,K-5,6018,5,33.17739,-117.35739,South Oceanside Elementary School,062825004374,https://www.greatschools.org/california/oceanside/6018-South-Oceanside-Elementary-School/?s_cid=gsapi,(760) 435-2100,https://www.greatschools.org/school/rating.page?state=CA&id=6018&s_cid=gsapi,https://www.greatschools.org/school/parentReviews.page?state=CA&id=6018&s_cid=gsapi,https://www.greatschools.org/modperl/achievement/CA/6018,CA,public,http://southo.oside.us/
"9291 Oviedo Street, 
San Diego, CA  92129",San Diego,Poway Unified School District,699,0631530,455,(858) 538-9451,K-5,6048,8,32.96767,-117.12636,Sunset Hills Elementary School,063153004896,https://www.greatschools.org/california/san-diego/6048-Sunset-Hills-Elementary-School/?s_cid=gsapi,(858) 484-1600,https://www.greatschools.org/school/rating.page?state=CA&id=6048&s_cid=gsapi,https://www.greatschools.org/school/parentReviews.page?state=CA&id=6048&s_cid=gsapi,https://www.greatschools.org/modperl/achievement/CA/6048,CA,public,www.powayusd.com/pusdshes
"5333 Old Carmel Valley Road, 
San Diego, CA  92130",San Diego,Del Mar Union Elementary,682,0610740,500,(858) 755-1258,K-6,14994,10,32.954018,-117.20001,Sycamore Ridge School,061074011753,https://www.greatschools.org/california/san-diego/14994-Sycamore-Ridge-School/?s_cid=gsapi,(858) 755-1060,https://www.greatschools.org/school/rating.page?state=CA&id=14994&s_cid=gsapi,https://www.greatschools.org/school/parentReviews.page?state=CA&id=14994&s_cid=gsapi,https://www.greatschools.org/modperl/achievement/CA/14994,CA,public,www.dmusd.org/sycamore
"1725 Hillsdale Road, 
El Cajon, CA  92019",El Cajon,Grossmont Union High School District,688,0616230,2129,(619) 588-9713,9-12,5931,7,32.760456,-116.92088,Valhalla High School,061623002028,https://www.greatschools.org/california/el-cajon/5931-Valhalla-High-School/?s_cid=gsapi,(619) 593-5500,https://www.greatschools.org/school/rating.page?state=CA&id=5931&s_cid=gsapi,https://www.greatschools.org/school/parentReviews.page?state=CA&id=5931&s_cid=gsapi,https://www.greatschools.org/modperl/achievement/CA/5931,CA,public,http://valhalla.guhsd.net/
"423 West Redondo Drive, 
Oceanside, CA  92057",Oceanside,Oceanside Unified School District,697,0628250,600,(760) 901-0623,K-5,6008,3,33.251736,-117.30465,Libby Elementary School,062825004363,https://www.greatschools.org/california/oceanside/6008-Libby-Elementary-School/?s_cid=gsapi,(760) 967-7000,https://www.greatschools.org/school/rating.page?state=CA&id=6008&s_cid=gsapi,https://www.greatschools.org/school/parentReviews.page?state=CA&id=6008&s_cid=gsapi,https://www.greatschools.org/modperl/achievement/CA/6008,CA,public,http://libby.oside.us/
"185 Union Street, 
Encinitas, CA  92024",Encinitas,Encinitas Union Elementary School District,683,0612750,569,(760) 944-4370,K-6,5887,8,33.058086,-117.29703,Paul Ecke-Central Elementary School,061275001434,https://www.greatschools.org/california/encinitas/5887-Paul-Ecke-Central-Elementary-School/?s_cid=gsapi,(760) 944-4323,https://www.greatschools.org/school/rating.page?state=CA&id=5887&s_cid=gsapi,https://www.greatschools.org/school/parentReviews.page?state=CA&id=5887&s_cid=gsapi,https://www.greatschools.org/modperl/achievement/CA/5887,CA,public,www.eusd.k12.ca.us/pe
"1515 Oleander Avenue, 
Chula Vista, CA  91911",Chula Vista,Chula Vista Elementary School District,677,0608610,527,(619) 421-1802,K-6,5856,6,32.604935,-117.03278,Valle Lindo Elementary School,060861000880,https://www.greatschools.org/california/chula-vista/5856-Valle-Lindo-Elementary-School/?s_cid=gsapi,(619) 421-5151,https://www.greatschools.org/school/rating.page?state=CA&id=5856&s_cid=gsapi,https://www.greatschools.org/school/parentReviews.page?state=CA&id=5856&s_cid=gsapi,https://www.greatschools.org/modperl/achievement/CA/5856,CA,public,http://schools.cvesd.org/schools/vallelindo/
"5211 Fifth Street, 
Rainbow, CA  92028",Rainbow,Vallecitos Elementary,712,0640710,201,(760) 728-7712,K-8,6304,6,33.413105,-117.14871,Vallecitos Elementary School,064071006717,https://www.greatschools.org/california/rainbow/6304-Vallecitos-Elementary-School/?s_cid=gsapi,(760) 728-7092,https://www.greatschools.org/school/rating.page?state=CA&id=6304&s_cid=gsapi,https://www.greatschools.org/school/parentReviews.page?state=CA&id=6304&s_cid=gsapi,https://www.greatschools.org/modperl/achievement/CA/6304,CA,public,
"28751 Cole Grade Rd., 
Valley Center, CA  92082",Valley Center,Valley Center-Pauma Unified,1050,0600069,,(760) 749-5501,K-2,11131,,33.235355,-117.02218,Valley Center Elementary Lower,060006908611,https://www.greatschools.org/california/valley-center/11131-Valley-Center-Elementary-Lower/?s_cid=gsapi,(760) 749-1631,https://www.greatschools.org/school/rating.page?state=CA&id=11131&s_cid=gsapi,https://www.greatschools.org/school/parentReviews.page?state=CA&id=11131&s_cid=gsapi,https://www.greatschools.org/modperl/achievement/CA/11131,CA,public,
"31322 Cole Grade Road, 
Valley Center, CA  92082",Valley Center,Valley Center-Pauma Unified,1050,0600069,1154,(760) 751-5509,9-12,11128,7,33.2803,-117.02465,Valley Center High,060006908607,https://www.greatschools.org/california/valley-center/11128-Valley-Center-High/?s_cid=gsapi,(760) 751-5502,https://www.greatschools.org/school/rating.page?state=CA&id=11128&s_cid=gsapi,https://www.greatschools.org/school/parentReviews.page?state=CA&id=11128&s_cid=gsapi,https://www.greatschools.org/modperl/achievement/CA/11128,CA,public,http://vchs.vcpusd.net/
"28102 North Lake Wohlford Road, 
Valley Center, CA  92082",Valley Center,Valley Center-Pauma Unified,1050,0600069,789,(760) 751-4259,6-8,11132,3,33.225536,-116.97575,Valley Center Middle,060006908612,https://www.greatschools.org/california/valley-center/11132-Valley-Center-Middle/?s_cid=gsapi,(760) 751-4295,https://www.greatschools.org/school/rating.page?state=CA&id=11132&s_cid=gsapi,https://www.greatschools.org/school/parentReviews.page?state=CA&id=11132&s_cid=gsapi,https://www.greatschools.org/modperl/achievement/CA/11132,CA,public,http://vcms.vcpusd.net/
"5130 Alamosa Park Drive, 
Oceanside, CA  92057",Oceanside,Vista Unified School District,714,0641190,534,(760) 940-0522,K-5,6309,6,33.238518,-117.28204,Alamosa Park Elementary School,064119009204,https://www.greatschools.org/california/oceanside/6309-Alamosa-Park-Elementary-School/?s_cid=gsapi,(760) 940-0700,https://www.greatschools.org/school/rating.page?state=CA&id=6309&s_cid=gsapi,https://www.greatschools.org/school/parentReviews.page?state=CA&id=6309&s_cid=gsapi,https://www.greatschools.org/modperl/achievement/CA/6309,CA,public,www.ape.vistausd.org
"550 Beaumont Drive, 
Vista, CA  92084",Vista,Vista Unified School District,714,0641190,510,(760) 726-7961,K-5,6311,4,33.198044,-117.22485,Beaumont Elementary School,064119006813,https://www.greatschools.org/california/vista/6311-Beaumont-Elementary-School/?s_cid=gsapi,(760) 726-4040,https://www.greatschools.org/school/rating.page?state=CA&id=6311&s_cid=gsapi,https://www.greatschools.org/school/parentReviews.page?state=CA&id=6311&s_cid=gsapi,https://www.greatschools.org/modperl/achievement/CA/6311,CA,public,www.be.vistausd.org
"1737 West Vista Way, 
Vista, CA  92083",Vista,Vista Unified School District,714,0641190,536,,K-8,31146,5,33.18956,-117.27852,Bella Mente Montessori Academy,064119013667,https://www.greatschools.org/california/vista/31146-Bella-Mente-Montessori-Academy/?s_cid=gsapi,(760) 820-9501,https://www.greatschools.org/school/rating.page?state=CA&id=31146&s_cid=gsapi,https://www.greatschools.org/school/parentReviews.page?state=CA&id=31146&s_cid=gsapi,https://www.greatschools.org/modperl/achievement/CA/31146,CA,charter,http://www.bellamentecharter.org/
"220 West Bobier Drive, 
Vista, CA  92083",Vista,Vista Unified School District,714,0641190,671,(760) 940-8695,K-5,6312,2,33.22111,-117.24761,Bobier Elementary School,064119006814,https://www.greatschools.org/california/vista/6312-Bobier-Elementary-School/?s_cid=gsapi,(760) 724-8501,https://www.greatschools.org/school/rating.page?state=CA&id=6312&s_cid=gsapi,https://www.greatschools.org/school/parentReviews.page?state=CA&id=6312&s_cid=gsapi,https://www.greatschools.org/modperl/achievement/CA/6312,CA,public,www.bo.vistausd.org
"1111 Melrose Way, 
Vista, CA  92083",Vista,Vista Unified School District,714,0641190,842,(760) 945-8259,K-5,6313,6,33.213947,-117.2559,Breeze Hill Elementary School,064119001248,https://www.greatschools.org/california/vista/6313-Breeze-Hill-Elementary-School/?s_cid=gsapi,(760) 945-2373,https://www.greatschools.org/school/rating.page?state=CA&id=6313&s_cid=gsapi,https://www.greatschools.org/school/parentReviews.page?state=CA&id=6313&s_cid=gsapi,https://www.greatschools.org/modperl/achievement/CA/6313,CA,public,www.bh.vistausd.org
"260 Cedar Drive, 
Vista, CA  92083",Vista,Vista Unified School District,714,0641190,577,(760) 758-4697,K-5,6315,7,33.19137,-117.28462,Casita Center For Science/Math/Technology,064119006816,https://www.greatschools.org/california/vista/6315-Casita-Center-For-Science-Math-Technology/?s_cid=gsapi,(760) 724-8442,https://www.greatschools.org/school/rating.page?state=CA&id=6315&s_cid=gsapi,https://www.greatschools.org/school/parentReviews.page?state=CA&id=6315&s_cid=gsapi,https://www.greatschools.org/modperl/achievement/CA/6315,CA,public,www.cas.vistausd.org
"2230 East Jewett Street, 
San Diego, CA  92111",San Diego,San Diego Unified School District,705,0634320,80,,K-6,27311,,32.78529,-117.17251,Empower Charter,063432013803,https://www.greatschools.org/california/san-diego/27311-Empower-Charter/?s_cid=gsapi,(858) 292-1304,https://www.greatschools.org/school/rating.page?state=CA&id=27311&s_cid=gsapi,https://www.greatschools.org/school/parentReviews.page?state=CA&id=27311&s_cid=gsapi,https://www.greatschools.org/modperl/achievement/CA/27311,CA,charter,www.empowercharter.org
"1251 Finch Street, 
El Cajon, CA  92020",El Cajon,Cajon Valley Union School District,676,0606810,533,(619) 579-4877,K-6,5808,5,32.811825,-116.98244,Flying Hills Elementary School,060681000613,https://www.greatschools.org/california/el-cajon/5808-Flying-Hills-Elementary-School/?s_cid=gsapi,(619) 588-3132,https://www.greatschools.org/school/rating.page?state=CA&id=5808&s_cid=gsapi,https://www.greatschools.org/school/parentReviews.page?state=CA&id=5808&s_cid=gsapi,https://www.greatschools.org/modperl/achievement/CA/5808,CA,public,http://www.cajonvalley.net/flyinghills
"1425 Washington Place, 
San Diego, CA  92103",San Diego,San Diego Unified School District,705,0634320,718,(619) 297-8404,K-8,6151,8,32.74918,-117.17561,Grant K-8,063432005469,https://www.greatschools.org/california/san-diego/6151-Grant-K-8/?s_cid=gsapi,(619) 293-4420,https://www.greatschools.org/school/rating.page?state=CA&id=6151&s_cid=gsapi,https://www.greatschools.org/school/parentReviews.page?state=CA&id=6151&s_cid=gsapi,https://www.greatschools.org/modperl/achievement/CA/6151,CA,public,www.grantk8.com
"8800 Grossmont College Drive, 
El Cajon, CA  92020",El Cajon,Grossmont Union High School District,688,0616230,79,(619) 644-7011,11-12,12214,8,32.81492,-117.00892,Grossmont Middle College High School,061623010630,https://www.greatschools.org/california/el-cajon/12214-Grossmont-Middle-College-High-School/?s_cid=gsapi,(619) 644-7524,https://www.greatschools.org/school/rating.page?state=CA&id=12214&s_cid=gsapi,https://www.greatschools.org/school/parentReviews.page?state=CA&id=12214&s_cid=gsapi,https://www.greatschools.org/modperl/achievement/CA/12214,CA,public,http://middlecollege.guhsd.net
"3303 Taussig Street, 
San Diego, CA  92124",San Diego,San Diego Unified School District,705,0634320,663,(858) 278-6549,K-5,6155,7,32.805313,-117.10803,Hancock Elementary School,063432005474,https://www.greatschools.org/california/san-diego/6155-Hancock-Elementary-School/?s_cid=gsapi,(858) 496-8310,https://www.greatschools.org/school/rating.page?state=CA&id=6155&s_cid=gsapi,https://www.greatschools.org/school/parentReviews.page?state=CA&id=6155&s_cid=gsapi,https://www.greatschools.org/modperl/achievement/CA/6155,CA,public,http://www.sandi.net/hancock
"519 La Presa Street, 
Spring Valley, CA  91977",Spring Valley,La Mesa-Spring Valley School District,694,0620250,456,(619) 668-5795,K-6,5965,5,32.706463,-116.99216,La Presa Elementary School,062025002433,https://www.greatschools.org/california/spring-valley/5965-La-Presa-Elementary-School/?s_cid=gsapi,(619) 668-5790,https://www.greatschools.org/school/rating.page?state=CA&id=5965&s_cid=gsapi,https://www.greatschools.org/school/parentReviews.page?state=CA&id=5965&s_cid=gsapi,https://www.greatschools.org/modperl/achievement/CA/5965,CA,public,
"1615 East Madison Avenue, 
El Cajon, CA  92019",El Cajon,Cajon Valley Union School District,676,0606810,488,(619) 441-6183,K-5,5816,6,32.80017,-116.92201,Madison Avenue Elementary School,060681000619,https://www.greatschools.org/california/el-cajon/5816-Madison-Avenue-Elementary-School/?s_cid=gsapi,(619) 588-3077,https://www.greatschools.org/school/rating.page?state=CA&id=5816&s_cid=gsapi,https://www.greatschools.org/school/parentReviews.page?state=CA&id=5816&s_cid=gsapi,https://www.greatschools.org/modperl/achievement/CA/5816,CA,public,http://www.cajonvalley.net/madison
"110 Marine Drive, 
Oceanside, CA  92058",Oceanside,Fallbrook Union Elementary School District,686,0613500,779,(760) 385-4254,K-8,5917,9,33.323338,-117.31057,Mary Fay Pendleton Elementary School,061350001543,https://www.greatschools.org/california/oceanside/5917-Mary-Fay-Pendleton-Elementary-School/?s_cid=gsapi,(760) 731-4050,https://www.greatschools.org/school/rating.page?state=CA&id=5917&s_cid=gsapi,https://www.greatschools.org/school/parentReviews.page?state=CA&id=5917&s_cid=gsapi,https://www.greatschools.org/modperl/achievement/CA/5917,CA,public,http://www.fuesd.k12.ca.us/Domain/279
"3330 Calle Barcelona, 
Carlsbad, CA  92009",Carlsbad,Encinitas Union Elementary School District,683,0612750,541,(760) 943-2008,K-6,12037,10,33.072247,-117.23532,Mission Estancia Elementary School,061275009537,https://www.greatschools.org/california/carlsbad/12037-Mission-Estancia-Elementary-School/?s_cid=gsapi,(760) 943-2004,https://www.greatschools.org/school/rating.page?state=CA&id=12037&s_cid=gsapi,https://www.greatschools.org/school/parentReviews.page?state=CA&id=12037&s_cid=gsapi,https://www.greatschools.org/modperl/achievement/CA/12037,CA,public,www.eusd.k12.ca.us/me
"5657 Spur Avenue, 
Oceanside, CA  92056",Oceanside,Vista Unified School District,714,0641190,570,(760) 630-8598,PK-5,6323,5,33.24608,-117.25808,Mission Meadows Elementary School,064119001249,https://www.greatschools.org/california/oceanside/6323-Mission-Meadows-Elementary-School/?s_cid=gsapi,(760) 630-7884,https://www.greatschools.org/school/rating.page?state=CA&id=6323&s_cid=gsapi,https://www.greatschools.org/school/parentReviews.page?state=CA&id=6323&s_cid=gsapi,https://www.greatschools.org/modperl/achievement/CA/6323,CA,public,http://www.mm.vistausd.org
"5961 Mustang Lane, 
Jurupa Valley, CA  92509",Jurupa Valley,Jurupa Unified School District,522,0619260,868,(951) 369-1407,7-8,4332,3,34.004066,-117.41695,Mission Middle School,061926002314,https://www.greatschools.org/california/jurupa-valley/4332-Mission-Middle-School/?s_cid=gsapi,(951) 222-7842,https://www.greatschools.org/school/rating.page?state=CA&id=4332&s_cid=gsapi,https://www.greatschools.org/school/parentReviews.page?state=CA&id=4332&s_cid=gsapi,https://www.greatschools.org/modperl/achievement/CA/4332,CA,public,http://old.jusd.k12.ca.us/schools/mms/_layouts/mobile/dispform.aspx?List=fa0b1758-9dc1-4d4a-a461-f00afebbd332&ID=8&RootFolder=%2Fschools%2Fmms%2FSitePages
"7350 West Lilac Road, 
Bonsall, CA  92003",Bonsall,Bonsall Unified,1553,0601426,1000,,9-12,31970,4,33.29716,-117.17493,Bonsall High,060142613751,https://www.greatschools.org/california/bonsall/31970-Bonsall-High/?s_cid=gsapi,(760) 631-5209,https://www.greatschools.org/school/rating.page?state=CA&id=31970&s_cid=gsapi,https://www.greatschools.org/school/parentReviews.page?state=CA&id=31970&s_cid=gsapi,https://www.greatschools.org/modperl/achievement/CA/31970,CA,public,www.bonsallhs.com
"1 Pirates Cove Way, 
Oceanside, CA  92054",Oceanside,Oceanside Unified School District,697,0628250,2153,(760) 757-2419,9-12,6014,5,33.19925,-117.37368,Oceanside High School,062825004368,https://www.greatschools.org/california/oceanside/6014-Oceanside-High-School/?s_cid=gsapi,(760) 901-8200,https://www.greatschools.org/school/rating.page?state=CA&id=6014&s_cid=gsapi,https://www.greatschools.org/school/parentReviews.page?state=CA&id=6014&s_cid=gsapi,https://www.greatschools.org/modperl/achievement/CA/6014,CA,public,http://ohs.oside.us/
"1401 Hanson Lane, 
Ramona, CA  92065",Ramona,Ramona City Unified School District,700,0631710,1689,(760) 787-4060,9-12,6061,7,33.02778,-116.86867,Ramona High School,063171004908,https://www.greatschools.org/california/ramona/6061-Ramona-High-School/?s_cid=gsapi,(760) 787-4000,https://www.greatschools.org/school/rating.page?state=CA&id=6061&s_cid=gsapi,https://www.greatschools.org/school/parentReviews.page?state=CA&id=6061&s_cid=gsapi,https://www.greatschools.org/modperl/achievement/CA/6061,CA,public,www.ramonausd.net/rhs
"1601 Longhorn Drive, 
Vista, CA  92081",Vista,Vista Unified School District,714,0641190,2532,(760) 598-7062,9-12,6326,6,33.163372,-117.24713,Rancho Buena Vista High School,064119009203,https://www.greatschools.org/california/vista/6326-Rancho-Buena-Vista-High-School/?s_cid=gsapi,(760) 727-7284,https://www.greatschools.org/school/rating.page?state=CA&id=6326&s_cid=gsapi,https://www.greatschools.org/school/parentReviews.page?state=CA&id=6326&s_cid=gsapi,https://www.greatschools.org/modperl/achievement/CA/6326,CA,public,www.rbv.vistausd.org
"1460 East Rolling Hills Drive, 
Fullerton, CA  92835",Fullerton,Fullerton Elementary,473,0614730,745,(714) 447-7704,K-6,3727,7,33.903194,-117.90257,Rolling Hills Elementary School,061473001804,https://www.greatschools.org/california/fullerton/3727-Rolling-Hills-Elementary-School/?s_cid=gsapi,(714) 447-7795,https://www.greatschools.org/school/rating.page?state=CA&id=3727&s_cid=gsapi,https://www.greatschools.org/school/parentReviews.page?state=CA&id=3727&s_cid=gsapi,https://www.greatschools.org/modperl/achievement/CA/3727,CA,public,www.fullertonsd.org/rolling/
"1755 Rowan Street, 
San Diego, CA  92105",San Diego,San Diego Unified School District,705,0634320,291,(619) 262-0971,K-5,6228,4,32.72434,-117.11284,Rowan Elementary School,063432005543,https://www.greatschools.org/california/san-diego/6228-Rowan-Elementary-School/?s_cid=gsapi,(619) 344-3400,https://www.greatschools.org/school/rating.page?state=CA&id=6228&s_cid=gsapi,https://www.greatschools.org/school/parentReviews.page?state=CA&id=6228&s_cid=gsapi,https://www.greatschools.org/modperl/achievement/CA/6228,CA,public,https://www.sandiegounified.org/schools/rowan
"9191 Gramercy Drive, 
San Diego, CA  92123",San Diego,San Diego Unified School District,705,0634320,489,(858) 496-8138,6-8,6242,5,32.801044,-117.13121,Taft Middle School,063432005558,https://www.greatschools.org/california/san-diego/6242-Taft-Middle-School/?s_cid=gsapi,(858) 935-2650,https://www.greatschools.org/school/rating.page?state=CA&id=6242&s_cid=gsapi,https://www.greatschools.org/school/parentReviews.page?state=CA&id=6242&s_cid=gsapi,https://www.greatschools.org/modperl/achievement/CA/6242,CA,public,https://www.sandiegounified.org/schools/taft
"3724 Valley Vista Way, 
Bonita, CA  91902",Bonita,Chula Vista Elementary School District,677,0608610,546,(619) 479-7024,K-6,5857,6,32.659695,-117.04902,Valley Vista Elementary School,060861000881,https://www.greatschools.org/california/bonita/5857-Valley-Vista-Elementary-School/?s_cid=gsapi,(619) 479-7171,https://www.greatschools.org/school/rating.page?state=CA&id=5857&s_cid=gsapi,https://www.greatschools.org/school/parentReviews.page?state=CA&id=5857&s_cid=gsapi,https://www.greatschools.org/modperl/achievement/CA/5857,CA,public,http://schools.cvesd.org/schools/valleyvista/
"1908 Vista Grande Road, 
El Cajon, CA  92019",El Cajon,Cajon Valley Union School District,676,0606810,590,(619) 579-4822,K-5,5823,7,32.765076,-116.91498,Vista Grande Elementary School,060681007655,https://www.greatschools.org/california/el-cajon/5823-Vista-Grande-Elementary-School/?s_cid=gsapi,(619) 588-3170,https://www.greatschools.org/school/rating.page?state=CA&id=5823&s_cid=gsapi,https://www.greatschools.org/school/parentReviews.page?state=CA&id=5823&s_cid=gsapi,https://www.greatschools.org/modperl/achievement/CA/5823,CA,public,http://www.cajonvalley.net/vistagrande
"1390 West Francis Street, 
Ontario, CA  91762",Ontario,Ontario-Montclair Elementary School District,612,0628470,527,(909) 986-6609,K-6,12399,5,34.040955,-117.67614,Vista Grande Elementary School,062847011354,https://www.greatschools.org/california/ontario/12399-Vista-Grande-Elementary-School/?s_cid=gsapi,(909) 988-2234,https://www.greatschools.org/school/rating.page?state=CA&id=12399&s_cid=gsapi,https://www.greatschools.org/school/parentReviews.page?state=CA&id=12399&s_cid=gsapi,https://www.greatschools.org/modperl/achievement/CA/12399,CA,public,https://vistagrande.omsd.net/
"151 Civic Center Drive, 
Vista, CA  92084",Vista,Vista Unified School District,714,0641190,791,(760) 945-4273,6-8,17478,7,33.20372,-117.23637,"Vista Magnet Middle School Of Technology, Science, And Math",064119012147,"https://www.greatschools.org/california/vista/17478-Vista-Magnet-Middle-School-Of-Technology,-Science,-And-Math/?s_cid=gsapi",(760) 726-5766,https://www.greatschools.org/school/rating.page?state=CA&id=17478&s_cid=gsapi,https://www.greatschools.org/school/parentReviews.page?state=CA&id=17478&s_cid=gsapi,https://www.greatschools.org/modperl/achievement/CA/17478,CA,public,www.vmms.vistausd.org
"30951 Highway 79, 
Warner Springs, CA  92086",Warner Springs,Warner Unified,715,0600042,,,K-12,32179,,33.27394,-116.64444,California Pacific Charter Schools - San Diego,,https://www.greatschools.org/california/warner-springs/32179-California-Pacific-Charter-Schools---San-Diego/?s_cid=gsapi,(855) 225-7227,https://www.greatschools.org/school/rating.page?state=CA&id=32179&s_cid=gsapi,https://www.greatschools.org/school/parentReviews.page?state=CA&id=32179&s_cid=gsapi,https://www.greatschools.org/modperl/achievement/CA/32179,CA,charter,www.cal-pacs.org
